100 3 1
111
5440 34040 31440 51940 19540 12440 24200 5880 25380 7900 30220 19200 37240 39340 13400 23540 13660 10680 14460 27580 20340 36060 13000 18380 50000 35580 43440 37440 22240 16960 35200 53120 52240 26940 23340 50280 18360 12200 56460 62520 16820 16060 24040 39660 66920 25120 36980 33900 43560 20840 47660 67700 39440 19640 34780 46220 39020 13340 74280 37600 10480 21040 41360 46620 55640 24580 33280 40140 55020 15940 53380 56500 38240 25960 49620 45960 38700 11220 59660 41200 8760 37820 50780 45700 49480 22040 32420 51080 62740 17700 48500 49800 33700 41540 60540 39780 33840 8560 53740 56920  1

21540 66300 49560 45260 17860 11440 21980 6920 17980 27740 49280 27980 50940 33340 13700 18340 7940 9320 27480 53540 18840 27440 11980 10000 41500 36880 61480 44060 24400 14220 29620 48880 58900 28240 35900 54820 16080 10700 49420 56980 15740 14040 12160 49040 84440 33280 31520 23780 29320 21420 57640 84120 45300 17420 20320 37560 43120 13460 93160 43880 10580 10300 47980 51280 76020 20260 27820 25000 65040 18380 54600 74840 29180 16660 54620 38940 43340 12520 80460 27340 7740 16440 67700 59500 54500 17400 23300 32940 84880 18440 58000 53020 26200 21680 71380 41100 47700 12040 58600 31140  1

35580 79300 44480 33000 15000 8740 18820 7060 21760 39640 56580 30960 45600 21980 12800 16160 8040 11940 35360 62980 15720 26820 13400 9280 51920 40660 60420 35780 21620 14420 29520 60080 62020 30300 32600 45840 13860 8800 58540 58940 18420 12760 14780 49860 87980 28240 28460 22400 33220 25800 60740 87780 38040 13440 22240 35880 44320 13080 99440 38880 10080 11100 55420 57860 68520 16360 24360 21660 77260 18720 60840 68160 25120 16620 61020 36200 49160 12940 73640 23700 10700 10940 56600 58380 67620 16940 24860 23300 77140 19620 58500 66860 24920 16040 61020 36760 49960 13520 73240 25580  1

49400 71060 37640 38920 15180 8380 12340 17120 47060 49420 53160 22840 39160 29940 10060 31880 48640 21480 36480 54060 26420 29940 10560 8620 27020 51420 55540 63340 29660 23940 27620 32500 64280 28000 31100 69820 26920 12560 40020 74880 17080 15100 3840 5300 101440 35900 50420 53480 19980 15260 20240 103240 45840 21020 29160 58220 15640 9560 110860 48660 17500 15040 4260 5560 101140 37220 52760 51520 19560 15640 17880 102580 45080 23200 30400 57000 16160 8580 110640 49300 17700 16920 4680 5020 99560 36280 52540 51700 19400 15540 18820 101180 45740 23100 30240 57380 15200 8940 108340 50000  1

6580 10500 57880 44100 17680 8560 25820 7060 19600 8820 9620 14120 61060 32740 15500 20000 9060 9380 16680 11880 20060 18700 11020 15580 49700 43320 39620 25240 34080 19560 27200 50320 58220 21720 18700 36480 21280 13580 58860 56680 9660 14020 48000 65960 42540 16420 37720 19560 59880 23100 58600 42060 33900 24180 52040 39200 43160 12320 47880 25260 9600 71080 53420 33720 39080 18600 28040 73440 65200 14160 37520 37040 30140 71780 51420 28240 25080 10780 47580 84100 9100 68520 53660 34160 39000 17940 28960 71720 67560 14020 36900 35800 29060 72500 52200 28480 25160 10720 46860 80580  1

6940 52800 54280 46000 17080 8420 18060 8380 22340 7520 35820 27760 57860 33100 12040 19820 9460 9180 9660 40800 21100 16420 6440 13960 84480 40560 36660 25960 25760 20820 31800 84640 52920 19140 16340 35500 19440 14740 95120 51920 9040 11300 46940 64900 57700 18320 26480 29080 61980 18540 66720 54820 29360 15880 51460 46840 48980 12240 60740 26460 7720 26720 75820 52940 39200 14960 32600 35600 90220 18420 49280 37300 26340 33320 84120 35340 36860 9780 43900 38200 7400 36980 75020 48980 36320 15760 33320 44380 89300 17200 45460 34720 26480 46000 81020 32920 34140 9480 41140 48980  1

10240 90180 38960 35120 22140 10940 13620 2600 12940 10860 61940 37080 41260 24300 12420 24420 11340 8460 8940 63200 14540 14860 7400 10280 61880 51200 44360 35340 28080 12960 26040 64160 67000 22960 21120 46620 17700 10620 67680 61740 7440 9460 38380 76420 60860 20700 38260 16180 53700 20660 70460 57600 29500 23520 45380 34860 54920 13160 65500 27120 8560 12400 67140 61960 51200 24820 25900 15900 82860 21800 58380 48740 35660 19080 68700 33400 43940 11220 55400 33980 8980 23500 74680 47720 53880 22820 24460 26420 90460 17320 48860 50920 32900 27240 75600 28140 36700 12020 59220 43000  1

6320 70640 44940 44740 21500 13320 15860 2520 12740 7840 46260 34420 47320 32140 14180 23860 13840 8800 7480 45820 14960 15080 8320 11000 49540 53960 48920 35840 29640 14360 25600 51780 70100 25300 23780 46040 18760 10440 55940 65660 7740 10720 31620 79260 65240 20380 39940 17040 43940 19220 73500 61680 28980 23880 40360 35680 57420 14600 69700 26540 8620 12900 60360 68440 50460 23360 27640 16160 74220 22620 65700 48220 33900 18680 62700 37320 48780 11340 54020 33020 7580 23940 87540 48120 43940 22620 22900 28620 102160 17780 45340 41680 31740 28780 87960 31300 34320 10560 48200 42560  1

7220 83120 44320 37540 20080 12860 15520 2900 13680 9360 52960 38080 45860 26060 13980 21700 12860 9780 7140 55620 15300 15320 7360 11020 56140 52780 45980 34580 30320 14600 25500 58940 68080 24180 21340 44240 19420 10700 62540 64000 7100 11880 37400 80400 60900 20460 40760 17400 51040 18620 70780 57580 28000 24840 44640 34600 56800 14760 67700 28060 7460 19580 86400 51460 44100 23780 24780 23860 99080 18800 46940 42000 36020 24740 85380 31220 35460 10440 49420 40720 7600 19960 84580 51000 43200 24920 24680 24700 99620 19420 47480 41320 34860 24500 85100 31800 36960 10680 48280 41200  1

5860 50120 57860 44040 14520 9160 23740 8360 18000 7860 32660 27740 60080 33740 12340 17200 9280 9600 14600 37780 22260 15880 7280 10700 82940 43400 33580 24640 30960 22800 32760 83860 59920 18700 13200 32940 17460 14400 94460 55980 8880 11680 43640 66240 61300 17200 27540 31520 57320 20560 63280 57920 27700 18060 46820 50060 47380 12280 65720 25280 8680 27560 72820 54780 36740 16560 36640 35260 88200 19860 50500 35500 26940 31080 83860 35940 39980 11740 43780 39140 8060 27160 72140 55420 36620 16560 35640 35680 87520 19340 51900 35840 26080 30380 82040 37300 40520 11900 43660 38580  
1
5440 47340 52980 45460 12580 7400 15800 4580 33320 7820 30740 28960 55680 35700 13060 15000 7580 8320 8120 30380 22460 24980 7720 14160 84500 36340 34480 24340 25580 22820 40560 85520 51600 18080 15200 32600 16020 12120 99740 57120 18300 10860 44480 50240 77360 22560 28820 24680 66520 28480 53820 75040 26560 12860 50860 34300 45780 13580 92020 31520 8820 10400 49520 57840 73200 17920 24840 25400 71480 17320 58940 72200 24860 15840 56800 39660 50140 12000 76400 24740 8860 10760 49340 57380 72960 18320 24500 25540 68840 18000 59820 72340 27200 13960 55520 40020 50840 12220 76880 25540  1

28020 73020 49740 39600 13960 11020 20220 8440 21340 30840 52580 28500 51360 28820 11620 15080 9100 11900 30000 60280 16580 25980 12940 9480 41980 41120 62060 44860 24900 15580 31480 49520 60280 27980 33980 52960 13620 9420 51380 57500 20440 13420 11140 45420 86540 35380 30700 23400 28500 27140 53900 84740 46060 16160 18240 37120 40640 15000 98840 45140 9280 9860 47800 56560 74900 18220 24900 26720 67260 18260 58680 73640 27260 14180 53340 41060 50160 11560 79480 25420 7400 15040 58960 58800 63140 15260 26780 33800 75560 18400 58080 62580 23580 20400 64580 43460 45940 11880 68280 27480  1

6180 63920 40580 53080 16880 8800 18600 3920 23960 8260 51640 25240 45960 40960 14900 21220 9600 9420 10580 48880 15240 24880 16420 12100 46000 38600 55800 42680 23020 17120 25580 52700 56320 26140 33100 48860 15320 9220 53720 52460 17640 17320 32440 59420 74340 26360 27240 21520 41820 26280 48980 73380 34320 18020 37420 37300 43500 13180 78940 38120 14840 15780 58820 55400 67080 19580 25200 20240 67820 22560 43980 66620 29560 15460 61400 35020 42180 12680 70360 30720 11980 41660 65400 52160 50240 15140 22520 47200 71760 17280 43320 52660 24220 37880 67940 39640 38620 12060 52420 50560  1

4400 61780 39900 49820 17940 9040 17180 4440 17440 6940 52580 23740 44880 37960 13740 22760 10060 8160 9280 47240 15080 24060 16260 11880 54940 40080 53160 39960 21960 16780 23440 61140 57780 25400 30800 46700 15380 9240 61400 51800 18240 16480 43700 57260 68580 23480 25620 20900 52880 26700 47940 68360 33140 16360 46600 36740 42660 13640 75540 35280 11360 27700 71360 51560 56020 16200 24280 33140 77900 18620 42280 58280 26580 24960 71280 37440 39700 12020 59080 37680 11760 27460 71360 51900 56440 15880 23480 32680 78500 18140 43180 59560 26160 22940 71860 37540 40020 12040 59340 37260  1

6820 61700 40600 49460 16980 8960 18000 4660 25320 7780 51680 22460 48140 39340 13720 24160 10160 10100 10360 49080 15600 27980 13040 10860 51280 38020 57860 41380 24100 17760 24740 57520 52120 25440 30920 47320 16560 10340 60320 54280 14380 14300 36580 56960 71480 24860 27760 22560 50060 23140 48000 71540 33900 17620 43820 38800 46820 12840 76580 34040 12760 22720 70200 50660 58020 17840 23720 33240 74960 17300 44560 58940 29060 22660 70380 41860 40680 11820 59780 34780 10380 22500 70980 53520 57120 17700 24520 32060 75300 16340 44280 58500 28820 22800 70740 39980 40220 12080 58620 34960  1

6540 62420 38300 49660 17840 8580 17440 4040 23140 7500 52360 23620 47020 38620 15740 25280 10700 9480 10400 48420 14120 26380 16240 11560 47980 38920 58200 44420 23620 15860 24620 56020 53860 25460 31560 50560 18420 10360 57000 49920 16740 14440 34440 55340 71420 26800 28780 23180 48980 26460 46960 72180 34580 17240 40440 38940 46240 13320 78320 36360 12780 18920 68760 48440 61860 16860 24900 29440 77160 17420 43460 63860 27920 18500 71860 40600 40800 11680 65160 29380 13420 20780 68740 48980 62380 16540 25160 29380 75780 17820 43400 63600 27420 19180 71700 40720 40680 12240 64820 31440  1

3900 52940 39580 49620 21060 9220 17540 5200 21740 6820 45760 22100 44460 38640 12400 25500 10100 8100 10760 40040 17020 26120 17000 13380 46560 36360 55200 41680 22460 18600 23880 53640 53480 29000 30920 49480 15960 9220 53040 50620 16920 16500 33240 53880 76200 25320 27200 22340 45240 26040 47960 77440 32260 15520 38440 36760 42560 12960 82860 36340 11940 20840 67220 56740 60320 16040 24120 29780 75360 17560 48940 60600 25260 19320 69440 38580 45340 12240 62660 31880 11020 21180 67940 55740 60260 16420 25340 28860 76720 17020 48620 60860 25560 18240 70320 39380 44080 12120 62560 31800  1

7620 49280 40480 51600 22760 10560 18560 5320 20380 7980 39780 24360 45640 39180 13680 29980 12800 10640 10660 34440 13640 27460 8520 29220 78420 35920 45020 27860 20440 15480 47020 79620 42600 22060 25700 34660 24720 13560 83880 56280 14380 15680 56400 53200 65600 20440 25780 23540 67140 21800 44080 66180 31700 16280 59340 38660 42620 13200 70000 31780 11320 31440 68580 50200 55700 16300 23700 41460 74100 16800 41780 57200 25980 30100 69020 42740 38120 10820 58140 41160 11080 32480 67440 50780 55280 16100 24200 43180 72620 17660 41560 56180 26440 30640 67960 42840 37920 10840 57260 42500  1

6620 52060 40020 53000 22440 10160 18700 5420 20740 8120 42280 23900 44880 39420 14780 28800 11640 10200 10860 37900 15200 26640 16820 10900 48260 37540 54480 45320 24360 16880 24340 55280 55460 26540 29380 52700 15820 8420 56140 52000 17600 15640 37400 54720 69580 25400 27460 22240 52120 26500 46380 69900 33620 17500 43660 38620 44640 13820 75800 36780 11840 25360 69840 49120 59300 16760 23760 34420 76060 16140 42540 59840 27340 23700 71260 41660 39320 11100 60600 36420 11520 25380 69360 51240 59780 16960 25020 34740 75440 17820 42480 59680 26480 23780 71320 40160 38400 10900 60860 36220  1

6860 64580 39320 48580 17820 8680 17740 4260 25920 7340 54060 23160 45820 38340 15320 24920 10320 10460 9880 51640 15820 27740 14920 12320 48560 36060 55140 44460 21720 17500 23860 57320 52440 26340 31160 49660 15320 9220 57640 51600 18380 16020 35120 58220 71220 25200 26400 21840 46020 27260 46420 71880 34820 17840 40200 38680 44220 13780 77720 36740 14960 15300 55080 53820 66400 21400 25500 21480 67220 21540 44600 66340 31400 16180 58220 35780 44740 12660 70020 32400 12840 28340 65600 53540 55880 15860 24120 37540 75080 18920 46900 56960 23700 26820 68780 40860 42320 13100 59620 39700  1

6060 65620 40620 51060 15820 8800 17300 4380 25020 6880 53640 22800 46280 40880 12120 20000 9620 9200 10620 51740 15460 29680 11320 13280 59820 38160 55040 37580 21300 17020 25520 64280 48160 24820 33140 45660 15220 9300 63800 55900 14300 15900 45640 54800 74440 22000 25460 22820 57860 20320 45620 72960 31560 17060 48880 37500 45000 13000 76040 33020 11620 29100 65420 53740 56240 16080 23640 38760 70900 17840 45420 58620 26780 27060 66340 42340 39720 11680 59640 39140 12100 26740 65960 53640 58080 15400 24020 36280 72200 18200 45160 60260 26000 24500 67180 42760 40560 10780 61400 36780  1

8380 67540 41360 48120 14840 8140 17520 3980 26040 7940 56540 22460 46960 37440 13160 21080 9420 10200 11600 54380 14460 27760 12200 10540 57000 40040 59160 37280 20860 16000 24240 64240 53640 24920 31960 44680 15320 9920 65400 54180 15260 14400 42780 54760 73060 21140 24540 22000 57500 23120 45540 72960 31340 16780 47780 38280 45380 12980 76960 31140 10960 27140 70440 53920 55300 14960 23600 36980 74560 16000 46520 56540 26360 25340 70980 42140 40700 12040 56680 37120 10980 23400 65800 56920 59140 16560 24120 33800 70800 16100 46660 59740 26880 22280 67820 40960 42740 12000 60740 34440  1

6300 67140 38920 47580 15020 8640 16700 5040 25780 7700 55640 22160 45360 37580 12360 19080 9040 8340 12080 53580 14200 29440 11900 11260 57300 39720 54420 40040 19500 19080 23240 66600 47740 22920 34800 46200 14240 8280 62700 54740 14260 14180 46280 53000 69680 23280 26660 22880 59260 22240 46620 70080 32140 15940 51800 38200 46100 12980 74400 32760 12920 29920 64240 52680 56940 16040 23080 42440 72780 17780 47160 56600 23980 29560 68540 42980 41400 12740 59900 41120 9100 26000 65060 57540 56140 15700 24420 44860 74340 15440 45880 54840 21440 28620 70900 47440 44060 11900 55840 37440  1

28700 80880 40960 35440 14560 9820 24580 8700 28860 29320 70440 23120 48800 26820 7520 18100 10520 11700 37440 70580 15740 33920 23440 15740 36680 48080 58820 45300 21120 17040 30260 43360 71180 32460 32780 50480 17560 9040 45740 68720 22620 21740 20760 67340 78320 25060 28900 29840 30540 32020 63700 79080 33640 20300 25800 42920 56440 13220 91740 41120 21960 20640 21280 67180 78840 24760 29080 29660 32000 31940 62600 78620 33860 20180 25740 44120 55780 13960 91660 40020 22600 20700 22060 68620 77040 25020 29180 29000 31560 32360 64620 76740 34420 19780 26180 43260 55900 14240 91320 40280  1

36100 89440 27940 41720 20780 10780 17840 3740 15940 36620 83040 20980 33660 27020 14560 26040 11280 14120 35700 76680 31200 30020 11420 15080 14780 46300 72980 43460 25980 32100 32020 13400 58940 39740 39140 54740 19440 13460 30140 67360 10220 18220 22040 67040 74840 25020 44460 31400 28780 19300 63840 75340 33520 18140 38800 46100 52220 14080 80020 35100 10660 18740 20460 69060 80900 22120 43120 28980 28820 19240 67920 80300 30200 17660 37520 43100 53720 14540 86600 34820 11840 15780 17180 67480 82480 21160 44180 30740 31700 20940 65560 81180 27000 15980 36800 45240 56940 15780 89820 32060  1

23120 93160 30440 39240 29520 11140 17820 3860 14040 21720 79940 25820 37400 27240 11040 34940 12420 10500 26440 75440 20180 22400 9960 16540 50280 56720 48000 38520 35020 21620 27020 47640 66060 30200 23020 46740 27600 12540 58700 72660 11700 16800 14340 57340 86520 26640 42860 38840 19820 17280 55560 84360 35020 19560 26880 51100 48160 14020 92980 35760 9900 18520 30460 70760 69060 24320 46020 29300 36620 18320 68180 67240 31120 19680 48600 44200 54760 14700 74420 35720 10060 18500 29740 70300 69500 24000 46420 29940 35720 18400 67340 68380 30460 19780 47740 44680 55440 13980 74860 35000  1

7720 89600 44140 38840 23300 19220 22760 4720 15500 5680 64600 37620 50500 28000 9060 28060 19980 13980 12600 61100 28780 27160 11200 14140 17060 47240 75840 42060 29040 30860 32900 16640 58940 41720 37800 50140 19560 13940 32840 66400 13940 18400 12240 22860 103640 29480 37440 46060 23540 15260 29300 103520 40040 20920 19040 51360 22540 12120 111720 41780 11100 18260 16920 60720 85980 24040 40740 36180 24980 18860 59420 85800 31380 18420 29920 49920 48900 14160 91860 33620 9600 18960 27340 69800 72260 23480 44060 31080 34460 17860 68900 70920 30340 18420 44240 45480 56240 13980 76420 35040  1

7840 16720 42160 55900 24760 17900 44460 8080 25280 8140 15100 15860 48560 41880 15140 30100 19200 23720 22720 15320 18340 25740 11760 14880 41460 39700 50200 55040 30900 19260 29600 42520 53980 29500 24880 64080 25200 11880 50100 57240 11360 17380 11240 51220 71320 29000 54280 33540 26360 18240 51380 71300 36640 27800 33760 44080 42400 13160 77840 39920 10180 15100 36060 61300 63120 38340 37900 28580 46000 19580 55320 61340 46180 23220 44400 41320 46660 12860 67560 47980 9400 15640 52300 58300 65260 34520 33040 27840 59340 19120 51120 63200 42580 19980 57540 40420 44060 10700 69520 44860  1

9140 8280 30140 59320 27180 16100 21380 4180 16140 6640 21420 8260 44600 43120 13440 34280 18260 13280 10780 12120 12680 24580 21400 22840 22880 37300 51940 42860 19500 13340 24860 25720 60540 34920 29240 51800 14820 8720 28180 52600 21720 25040 25020 56100 63660 22200 26940 22880 36320 29960 53560 64000 31020 17000 26680 35520 43360 14300 74260 40880 15100 51340 58060 42500 38300 14200 25560 62220 65140 17400 40980 38500 21540 44760 64700 48800 36920 12700 39960 57800 15500 50000 55240 45460 40060 15220 27900 58520 62880 18260 42020 39340 23460 44220 66480 46040 36560 13260 41480 58480  1

7060 6700 33700 66800 25840 11340 19540 4200 24720 6940 16780 6840 46780 48220 17080 31380 13100 11060 10140 10300 11820 27800 17000 21860 27000 41520 61480 35220 19440 13600 28940 28240 57480 37200 34660 42200 13880 9080 32120 62260 14600 26880 12220 41680 81460 27980 29560 20600 23940 16780 46580 83200 36920 20020 17240 29380 36580 12620 84640 45960 14860 27460 12620 49420 80380 22940 31280 25000 19840 17500 51560 81260 33660 20860 17440 34140 36920 13820 82900 42480 19140 22840 50840 53860 56780 15660 23520 28440 56540 26400 44940 58640 28120 15520 51900 43760 41280 12160 64040 32740  1

7100 4560 4580 38900 35020 22420 29720 7840 24720 5840 21880 5100 23560 24160 14300 43100 24320 16260 16900 12400 20000 25000 12500 22660 12620 11940 63720 61040 25880 20860 24400 9760 23720 32380 40260 72180 21080 12000 20380 28700 12680 26140 13100 61880 79860 22280 29240 28540 18000 12900 62700 77700 33200 22920 16980 39260 46580 13960 81520 39140 15240 35460 62520 49060 44560 16880 28820 43140 66380 20440 43660 45680 30620 31500 67680 46700 41660 12280 48260 45560 15980 48840 71800 39980 33040 16140 29640 53760 78400 18880 39440 33860 29200 45460 80640 41620 37100 11520 36220 57980  
1
4760 23080 56520 49780 15560 9300 17680 5700 16440 4840 21600 22200 66100 41020 9220 20820 10380 8520 11240 10820 13720 24940 17640 16580 64880 47920 36280 25260 19480 14120 17900 69480 62740 22960 22720 32680 15760 8320 66640 62720 16980 32920 19020 68720 77820 16480 18620 20100 21540 22600 66080 79160 30140 19700 16320 35980 49440 14260 81440 39980 18240 24060 49320 71260 46020 16560 31260 22580 51940 26920 66480 47460 28560 18640 55680 41160 55300 13700 55440 34320 17000 26740 84460 47320 37380 20260 25260 27440 89180 25480 41240 39440 33200 25040 85260 40960 38300 11780 43980 39960  1

4960 12380 51840 60900 16140 9520 17920 7240 16880 4560 20400 14200 61920 51620 10000 21880 11140 8940 11040 10220 18160 21600 16180 25760 47100 55100 49780 28220 19340 18620 20380 45480 68760 38320 22440 38280 17220 12340 55120 67460 14680 27480 12880 55560 87520 20640 26360 29480 19260 16780 57620 87560 31120 18520 15200 42080 43100 13540 90620 40140 17180 23000 32960 75180 61800 16840 28100 25080 37320 24020 67040 59980 28540 17560 38760 43720 54640 14120 67280 34380 15900 19600 66420 65720 41440 15920 30740 24140 70320 24340 55440 43460 29140 19500 70140 43660 52260 13000 47920 29960  1

7500 28880 52020 44480 62120 28080 45880 41360 61700 15300 46340 61720 33580 35240 66660 38980 35820 8660 69340 52620 7900 21780 50200 45020 64960 25380 47100 36500 61420 15560 48460 63860 32120 27580 66100 42160 37340 10080 70040 42720 8140 20300 48240 43580 64060 25960 46540 36880 63640 15960 48300 63580 32100 27500 64440 40880 38480 8980 69800 42780 8840 21180 49500 41860 63680 26320 44060 36600 63820 16580 49420 63460 32600 27480 65420 40760 36180 9400 67980 43120 8240 21580 48940 42460 62180 25480 45460 37140 64680 15920 50200 62340 31860 27840 65800 40420 36480 9420 66880 43920  
1
8920 36680 45980 40360 63140 28540 31440 46860 63580 16440 41820 61660 35000 39960 48640 33340 37440 11200 72500 60040 8220 47580 49600 42740 63400 28540 27820 59100 61660 14760 37500 57000 32400 51620 51920 37480 36680 12200 68400 68440 10900 49780 51820 44020 63820 28220 24720 57320 58900 16280 36100 57800 35600 54040 52480 38440 36420 11560 66780 69820 10520 44860 51580 45740 63940 28300 27300 51240 60080 18820 38600 60240 35920 48060 52600 37240 38900 10620 68400 64260 9240 44420 51220 44420 66300 28580 26940 53900 59800 17180 38220 61640 34920 47300 52320 40180 36560 11060 69500 64260  1

7480 39200 49040 44640 61020 28060 28600 52580 64340 16680 44260 57760 31840 41720 51060 38720 39380 12300 67440 60580 7600 43660 51800 45240 57760 27700 27360 55760 67480 16000 42580 53160 30560 47180 54200 37940 40300 13380 61840 63420 8220 50400 55260 50460 57240 25220 24480 60000 63680 14820 41620 50620 31140 56540 55660 39460 40380 12860 59380 65080 10420 48160 54500 48520 59500 24040 24520 50860 65580 19620 45220 57080 32320 47220 54960 36500 39900 12100 63500 63320 11260 47520 54900 48000 59700 23480 24700 50060 66240 20000 45060 56880 31920 47640 54920 35100 40640 12040 64600 61980  1

10660 37500 46540 43000 63780 31740 32680 47360 65680 18420 38080 58640 33620 43840 51220 33180 41400 12380 71120 62460 8820 43700 48160 43080 64960 29820 30060 54180 63700 16380 36260 58760 33040 47500 52740 37500 37740 11820 68660 66060 11560 45880 51440 45180 64100 26500 26660 52300 62620 18880 38100 59000 33300 50960 53860 36480 36820 10100 69300 64740 11580 46640 51580 44340 64680 28060 24360 52700 61220 19300 39460 61240 36580 48880 51920 35600 36600 10240 69960 67100 11380 46800 51740 44380 64420 28020 24980 52280 61080 19240 39540 60580 36840 48480 52780 35840 36800 10440 69540 66500  1

10980 36740 46640 44100 65160 29480 30820 44700 63340 19220 41480 60240 33340 41760 50600 35040 40260 13140 70920 58840 10240 41800 49260 44420 65240 28600 30220 50900 64200 18780 36640 59140 32080 46280 53320 35680 38260 12360 71460 63440 12020 42280 50480 46520 62660 27120 27680 51140 62300 18640 37260 56840 32300 49300 53820 38380 40820 11500 67320 61320 14780 43120 52180 46560 62820 27220 25160 48100 62300 23180 41060 59760 35160 46040 52100 34560 39740 12640 69980 62660 13160 41740 50440 46540 62140 28420 26620 46840 62340 21580 42640 59120 36460 44260 50360 35740 42060 12100 68880 61780  1

6300 33260 50300 47840 67540 26840 30940 50160 59300 16280 42820 62340 31180 40340 54120 44200 36140 9880 70140 53200 5740 38940 52620 50160 65460 28660 30260 52720 60720 15180 39540 59740 31520 48300 56260 41420 33980 10680 68720 59380 8000 41540 55160 48620 67200 27860 26380 53500 59300 17520 39400 62560 34500 45160 57220 43380 33820 9620 69620 61300 8380 43040 56100 49620 66280 26360 31420 47880 59780 17200 42540 62140 33560 46640 63020 35960 33240 10580 69440 62400 8260 43500 56680 49920 65680 26340 32600 45560 61240 17280 43300 61700 33320 45960 65220 34480 33760 10960 68500 62160  1

6260 26180 56780 48380 64220 23000 38880 47340 59940 12860 41360 57540 29360 35280 65380 48020 34800 12560 65300 41700 7740 45520 54200 58220 50660 22420 39760 53420 53160 13040 51320 48060 30660 51160 65620 39340 39740 11220 52780 58820 8380 39540 58000 53460 57360 21680 36580 50540 58360 15220 47320 54400 28780 42860 68640 43480 36420 11360 60020 51980 8060 39840 58060 53940 56060 21860 37340 50980 58280 14560 47500 53260 29180 43580 69440 42200 36080 11400 59880 52740 6940 35380 56020 48900 61000 22220 38320 50020 58860 14180 46440 56640 29380 37880 65100 45040 35640 11840 63820 49320  1

5340 28100 52820 49300 62500 22380 38940 45820 60800 13000 43940 56220 27600 34720 65000 47280 36620 11880 64160 41480 6180 42480 55440 58720 47700 19700 39660 53980 59440 13700 50940 42060 27540 52140 68260 40180 39880 11300 48920 55300 7160 42720 55940 58140 47360 21200 42180 56680 59500 13920 49400 42420 27040 50780 69500 39540 42660 11160 52360 56760 7360 39440 55420 58560 53040 20200 38180 52320 58260 13820 51620 49920 27780 44220 67940 42120 41820 11420 55840 51360 7580 39240 56980 60660 50720 23420 38300 48100 59480 14380 54080 47620 30300 48580 64200 38240 43440 11820 55140 54080  1

18220 16800 10380 16860 18900 9800 15780 9380 15700 19440 31220 32720 57640 13980 19480 36640 11000 13600 10580 25840 15220 20640 13720 20060 60340 36840 57060 25740 33120 25700 28020 16000 25240 21160 29420 59800 40920 26920 39880 45840 12280 31860 61880 82520 46940 19180 25180 17160 18340 26680 33940 22560 66580 72200 41260 34400 21160 12800 21840 44260 13300 70040 95280 53280 22140 12440 13700 9780 9900 11740 31700 52660 105460 51580 17540 25580 13260 9080 9320 35220 21180 134880 42140 33680 25940 11880 16740 12780 16060 25120 118040 42800 47920 31400 21720 20200 15840 10460 19700 121040 1 

3900 3160 1420 2860 1680 3380 5400 1800 84580 23000 62180 12440 29400 4760 3080 5780 2360 3900 1840 4460 13600 114420 53220 45320 11280 8720 10800 3440 11720 11860 82820 35660 55740 34320 10340 16300 7220 9320 8060 87700 44740 44720 10100 13140 5240 6020 10520 90840 50080 41040 42540 10980 21000 10000 6040 101860 42640 21180 27780 42820 9620 10860 5400 10100 68960 58180 62500 34600 22080 8040 22760 69480 71700 29740 32820 43580 10740 10000 72280 66660 8860 10800 6060 10980 87800 51460 56460 29000 22980 7120 21980 89720 64660 28820 27720 36320 10920 9540 92000 60120  
112920 6300 2820 5280 1880 3960 3480 0 17200 33420 71060 21020 55980 7960 6680 31260 3800 9120 0 6300 45440 77120 50420 39000 12680 6460 14140 5800 21320 46000 74020 21940 62000 34320 6360 20560 7620 8360 48180 65060 10400 18440 15980 24740 90180 38360 62640 40020 15700 10700 16600 84700 49360 37640 39100 50580 16520 8160 90560 46420 9920 21960 18080 35640 100200 42720 50780 26900 11860 10700 31640 97540 56960 39680 25300 36280 20520 11040 102140 54560 10620 24180 15600 33320 99580 41160 53000 29120 12560 11140 32480 97620 53020 38180 25900 38740 21600 11580 102540 54300  2

12520 5960 2560 4180 1880 3240 3340 0 17980 32740 73220 21840 58600 7560 6480 29700 3500 9020 0 5960 9500 57620 50880 73760 28980 13760 19260 4200 12060 3480 27320 40800 62720 56320 18460 41020 16460 14280 9280 24700 15640 17340 13140 24100 33540 53440 59720 66960 26760 16340 18500 23460 58500 32300 31380 80520 28280 15140 38640 58400 10120 30700 20240 60880 83040 43440 36140 20620 13280 11440 61360 82700 59840 31740 19180 30200 42980 12180 85360 61560 10080 30220 21720 61260 81760 44440 35280 19780 13520 11740 62880 80740 61860 29860 19640 30340 45300 12280 82800 61660  2

16940 8360 3200 5980 2320 4840 5720 0 8300 24520 86220 21760 52260 7760 5880 41740 4400 12540 0 8360 5840 60620 55100 72180 32100 14960 21460 4580 14540 3880 32500 41980 64540 52120 20080 37980 15780 13620 10600 27340 15580 16580 11980 19840 39500 63340 61840 69140 23140 15580 13900 35820 71820 35760 36560 77240 22820 9500 45820 72040 8840 22160 21360 31520 99480 41260 50900 27620 13700 10060 25520 99800 60760 42100 25120 34840 14820 9020 102520 53640 9040 22940 20440 31080 99700 42400 49280 28080 13940 10220 26840 100600 60120 40400 24740 35140 16100 9340 102240 55000 2 

16020 7260 3380 5040 2560 3600 3480 0 8360 23360 83000 19340 55940 7740 5060 37620 4040 11980 0 7260 8180 59200 54120 73780 30700 14420 20420 4480 12540 3680 28260 42220 65900 54920 19760 41140 16820 14320 10020 25160 15620 18400 14920 20800 40660 61520 56020 65020 23840 16000 17020 37460 73380 35660 33640 73020 22700 9420 45140 71840 9320 21360 16520 27600 100440 41260 56300 29460 15080 10300 22720 99540 54840 42060 27540 37700 15300 8860 103560 52440 9740 21180 16200 26180 100240 41280 55880 29260 15680 10880 24120 99660 54500 40880 26900 36460 15200 9860 104320 52680  2

16360 7640 3560 5140 2600 3340 4080 0 7260 22740 83220 20440 53400 8280 6560 40480 4380 11980 0 7640 5860 58980 53940 72100 33220 14560 20640 3740 14460 4040 30760 41660 65460 53120 19280 39740 15840 13500 9820 24640 15360 16560 10040 14260 35900 64920 65700 73460 22580 15660 14880 33100 69260 31440 35940 79720 24940 11620 44760 72000 12560 20440 16260 22180 87100 36000 64740 40320 17880 12860 17260 86060 48740 36700 40180 48080 16500 8960 91760 46040 11200 23260 16400 49240 89660 46060 42840 24680 14180 12120 49000 88800 57980 32100 20840 32540 35380 15580 93780 58300  2

16440 7840 3440 5120 2260 3620 3860 0 6040 20780 85800 19360 52400 8100 6140 42660 3820 12620 0 7840 8120 57520 54500 71200 34240 15140 21320 4620 12760 3580 26860 42920 64000 52900 19540 45000 17380 14800 10320 22680 16640 20080 16640 22580 35000 63940 49420 67480 24420 17120 18740 31540 77180 35100 28260 75840 22900 9200 41380 75100 10260 22100 18700 32040 98860 44100 49560 25440 15800 11880 31960 97840 58820 36860 23960 32820 19940 11780 103920 56140 10400 20540 18860 30580 99340 43080 51340 26360 15940 11680 30860 97260 58100 37140 24180 34240 20280 11860 103480 54260  2

16980 7260 3940 5040 2520 3560 3960 0 6400 20620 88040 20180 53540 8260 5740 41980 4240 12740 0 7260 5820 57140 56520 70680 36200 14580 20940 4000 13600 3940 25640 43360 67520 54520 17980 45920 16120 13360 10660 20980 15080 17400 11800 19040 36040 64300 61500 72540 23000 15220 15160 32140 73500 35480 37220 80600 22200 8820 41280 74680 11780 19040 13780 20080 87720 36080 65980 46260 17700 11820 15940 85600 46180 33720 41360 53900 17140 8380 92720 45680 10380 21260 18400 22120 100600 41040 58060 30120 14440 11340 21820 101020 56080 38840 29220 36340 14820 8900 105980 52140  2

16640 7720 3260 5740 2640 3260 3740 0 5160 19080 85640 19960 52520 7800 5680 42420 3920 12720 0 7720 7160 53900 56520 72240 34420 15280 20940 4180 14400 3580 22240 41800 67100 53940 18660 44460 16580 14400 10520 19680 15380 18000 10260 15040 31400 65880 66220 73460 24740 15380 15560 27640 71840 32920 36180 80600 24100 10320 39680 75960 10980 21280 15460 18100 94900 36560 64960 42260 15580 11200 16780 95380 49480 35280 38780 48920 14240 7440 99680 48160 9840 21940 18540 35220 98620 43360 48800 27000 14320 10900 33960 99500 59920 37000 24420 32580 21340 11920 102620 56880  2

15780 7460 2960 5460 2300 3500 4020 0 7380 22680 84260 20900 53780 8100 4980 42120 3820 11960 0 7460 7020 58100 56480 73000 33620 15260 20220 3840 13800 3600 27360 41860 66000 54200 19580 42860 16940 13860 10160 23100 14860 17080 13220 20480 34120 64320 60680 72460 22480 14580 14960 30620 75100 36960 37460 80180 22340 8560 39160 74160 10820 18500 16980 23240 92700 38900 63180 38540 15560 11060 15640 89420 52380 37520 39820 47880 14700 7700 94120 47660 10220 21560 16820 26520 102120 40800 54160 29700 14240 11220 23360 102220 55320 41880 26640 36400 13760 8760 105940 53500  2

15440 7380 3040 5460 2020 3420 3860 0 7880 23760 82200 20700 53600 8080 5600 38980 3540 11900 0 7380 7920 61120 54240 73820 30720 13760 19260 4620 12440 3100 31180 42480 65740 55620 19260 40960 15920 13940 9820 26620 14640 16180 12860 17900 38820 62520 62060 71420 23260 14440 12680 36160 72140 33660 36920 78640 23020 8940 45300 70440 8640 21500 16320 42960 95420 45380 48660 24600 12840 9320 37200 93940 57380 39300 24260 33940 24460 13700 96400 55140 10440 21720 16140 38680 95800 44540 48680 25200 14660 11160 35460 94760 56040 37920 23240 32720 24480 12320 100180 55440  2

15320 7800 3280 5120 1720 3440 3900 0 9900 26260 80380 21000 52960 7840 6560 37080 3420 11900 0 7800 6580 60740 53160 71160 29960 14340 19180 4040 13640 3520 34020 40380 66680 56600 17980 41540 15920 13020 9680 27540 13500 16720 11220 16840 42720 64920 63220 69000 22620 13680 14560 37400 68760 32480 37500 78100 25360 9560 46580 70680 10640 22080 16880 20380 99160 34700 59980 38860 16600 10980 17620 99700 49140 34100 38480 45660 13380 6900 102840 47020 7980 22460 18060 39200 97640 43400 47280 24640 15320 9280 34200 96180 57280 39660 22660 33620 22240 11920 98700 54320  2

15020 8120 3220 5220 2460 3180 3540 0 9360 27640 82580 21560 51600 7780 6400 38120 3640 11380 0 8120 5680 64240 52800 72180 29180 14000 19380 4020 13900 3400 37320 41880 65400 54200 19480 39860 15480 11980 10100 29940 14060 17100 12660 20480 44160 61720 58700 70100 20380 13940 15280 38640 71940 36880 35780 79960 20500 8640 45340 71380 10360 21660 15580 20520 96740 39820 63620 33180 15340 10900 19980 95960 51260 38700 32600 40340 15820 9300 102140 50720 8760 21480 18080 26620 101280 42460 52760 28520 15120 9580 23620 100260 56580 40080 27000 36740 15380 8380 102860 52700  2

16820 8480 3760 5720 2240 3660 3680 0 5600 19160 86520 20740 52860 8200 6640 40520 4460 12360 0 8480 5660 53040 56280 72140 34840 15480 20700 4160 15740 3900 25240 42700 68320 53860 18240 42100 16380 12820 10160 17800 15340 17140 12140 18360 31320 67260 62520 72740 23780 15180 13720 27220 75000 33920 36720 81040 24100 9940 37240 75480 9080 21900 17620 32040 98180 44560 52960 26560 13820 9900 31320 96480 57880 38920 23880 34900 20760 12100 101040 54940 9220 21880 16580 32620 99780 42660 50740 26000 16020 10920 30520 97600 55400 39660 24280 34460 18440 11140 102720 54480  2

16260 7560 3580 5700 2740 3240 3580 0 6280 20980 85200 19460 50620 8740 6080 41180 3960 12300 0 7560 7300 55300 55960 69520 33820 15460 20040 4080 13800 3060 25220 43540 68080 52340 18860 45280 17260 13520 10400 19360 15820 16240 15140 20860 32440 65180 58520 67200 25660 16360 14700 28880 77740 36920 33420 74440 23380 9400 39340 75260 9140 21340 16600 26620 99680 38940 57660 30340 15080 10380 21680 97480 52120 42220 30660 39780 14220 8260 100880 49660 10300 22500 16520 25180 100040 37160 56880 30480 16100 11620 23560 98800 50260 40640 27520 37800 14680 9220 104860 50040  
2
16520 7840 3980 5980 2540 3640 3980 0 7340 22780 83760 20440 52640 8040 6660 40880 4160 12360 0 7840 6560 56160 55780 73000 32320 14560 20220 4360 14720 3720 27540 42180 68060 54660 19120 41200 16440 13540 9820 21680 14980 16200 11160 18960 35080 66380 63700 71440 23080 14880 14400 30180 73640 36380 36800 79920 24220 9320 40520 74540 10880 19100 17440 21000 84880 38000 65140 43500 16540 12000 17080 81860 51180 33680 40300 53180 16660 9300 87620 45760 10280 23980 16120 24140 100520 38620 56220 30320 15740 11800 23600 100540 51420 40660 27420 37400 14240 8640 105400 52000  2

15020 8120 3520 6140 2520 4140 4420 0 6680 20980 84520 20560 52120 8340 7560 39200 3740 11280 0 8120 7660 56220 55840 71260 33320 15520 19260 3540 12320 3460 25440 42500 68200 53460 19340 45600 17660 13560 9320 20580 14740 15320 12480 23520 35080 64140 58800 70200 25200 14700 13540 31480 74220 38540 36860 77780 23340 8580 39400 73140 8640 19940 18400 23740 95140 39560 60280 34800 14640 9820 18300 91940 53680 37780 36540 45280 15260 6740 94900 47540 8520 22040 16980 27720 101740 37980 54460 31060 14980 9560 22620 100640 51980 42320 28820 39560 13660 7200 103540 49280  
2
15860 7120 2820 4920 1940 3100 4080 0 6580 23660 84680 20260 51580 9260 6100 42000 4140 11720 0 7120 8820 56960 56540 71260 34460 15140 19520 3760 12800 3980 25940 41680 66980 53260 18520 43780 17220 15120 9540 22500 14340 15760 16600 21180 31240 66200 58900 70800 23920 14300 13680 28500 80800 37540 35840 78100 21960 8280 36180 75300 9800 19320 18880 22340 99000 37240 60200 34340 15740 10340 17220 94540 53520 36600 37680 45660 13140 6680 98300 46480 9800 20980 16820 26740 102820 37300 55840 30560 14680 10840 22220 101880 51840 40200 30940 37500 13560 8380 106200 49880  
2
15620 7560 3120 4900 2360 3640 4480 0 6520 20440 87460 19780 52860 8640 6340 42920 3780 11840 0 7560 5500 54560 56860 71180 35420 15400 21220 4260 13760 4600 25960 43480 67660 52420 19240 42680 15720 13520 9840 18740 14760 17920 10980 18500 31300 68240 62920 72900 23520 14540 14380 27040 75820 34700 36700 81100 24080 9780 36600 78160 10740 21580 16360 20740 95180 38360 63900 36200 15520 10960 18300 94400 50640 37120 36060 43660 15260 7640 101060 48680 9740 21780 18500 32740 100560 41480 51300 25460 14700 10860 29840 100860 57040 40420 24180 31880 18100 12020 104720 53520  
2
16460 7840 3160 5280 2620 3380 3220 0 4560 17780 87680 20440 52720 8300 6540 42860 4100 12360 0 7840 6380 54420 57320 72160 36360 15760 19800 3960 13760 3360 23960 41240 68100 53680 18940 45300 16940 13780 9280 20000 14320 17080 10740 20380 32940 66520 60500 73940 22920 14680 14340 27040 74060 37340 36260 84840 22580 9060 34320 75260 10500 16880 16520 24180 89580 38420 62040 39480 16580 11420 17600 82560 51020 36680 40420 51440 14820 7240 88680 46100 10020 22120 17520 31680 100340 41380 52620 25400 15540 11360 30060 99680 55260 38980 25120 32840 18720 10980 105460 52840  2

14060 6340 3160 5960 2220 5240 4660 0 11260 29560 82120 23680 55840 9640 6920 32840 3820 10240 0 6340 4940 48460 60000 72000 36500 15160 20960 4520 15720 3840 23020 41220 70600 53740 17900 43920 16100 13100 10140 15100 15620 18700 11920 19340 28780 68300 65260 72440 21640 15380 15140 24920 75760 35620 39000 81300 23940 10480 34420 77780 11160 21040 16620 22780 95160 39140 61140 35140 15560 12080 17720 91640 51700 38720 36840 46220 15440 7140 95540 48680 12220 28280 15400 27260 102060 42720 49340 27060 14380 13520 31300 104340 54720 35720 24060 33340 17780 10380 109140 59000  2

16520 8520 3120 6220 2260 3900 4380 0 6480 18860 85900 21540 52720 8040 5380 43000 4020 12500 0 8520 7300 50380 57800 70320 34780 14780 21460 4720 15300 3500 21960 42320 69080 53880 18220 44520 16940 14000 11000 16240 16280 19900 12520 19500 30740 66720 59620 72600 22480 16520 16800 26800 75400 34460 37400 81940 23540 8860 35140 77600 11320 20060 17200 23200 87220 38480 64760 39440 15600 11780 18100 82640 51240 37140 41000 50520 16500 8220 88200 47640 11660 23520 18140 29980 101120 41220 51180 26060 14940 12480 30100 101300 56520 37500 25520 33120 18300 11700 106180 54480  2

13940 6980 3640 6180 2520 4700 4520 0 11140 33340 79780 22060 56320 9000 6360 33200 3920 10020 0 6980 7240 50040 58120 69900 36880 15120 21260 5100 14920 3600 20400 43060 69640 54280 17320 46080 17540 13920 10660 15700 15740 20380 12100 21540 28140 66860 61340 73160 22000 15660 16540 25260 76140 38300 37620 81340 22420 8480 33620 79160 11500 20440 16420 20480 93580 38800 65780 36540 14300 11940 17180 91360 50580 37380 38400 46100 15940 8820 96320 47360 11620 23280 17340 29080 102000 42200 51020 26200 15580 12520 28540 102080 56340 39740 24360 32580 17980 10760 106880 56100  2

17800 8900 4140 7640 2240 3940 3760 0 5180 15640 87100 19220 51660 7640 6060 44720 4680 13120 0 8900 3840 46280 60020 69940 38160 15680 22680 5180 17540 4560 20260 41320 70820 53520 16840 44020 16120 12280 11500 14180 15040 19940 9600 14300 23840 69640 67700 75180 24740 15040 17140 22320 75240 31740 36060 80180 25080 10860 34860 81800 14600 28060 16600 13980 98100 36360 59200 37880 14940 15100 23620 101340 49720 29520 34160 42380 15380 8240 108660 53700 12340 23300 14720 19500 91460 37520 62140 37140 16940 13640 22220 88800 48940 34900 36540 45860 14520 7660 95340 51180  2

13820 7280 2980 5040 2760 5480 5460 0 12460 31740 79780 21860 55260 9080 7920 32340 3240 10580 0 7280 7240 47400 58980 68560 36920 14620 20860 4920 16940 4020 18420 41400 71280 54220 16840 48640 17160 13840 10220 14200 16260 22060 17180 19460 22960 70220 59160 71000 22320 16200 17340 23460 85120 36460 35800 77520 22380 8480 30080 82640 11120 19960 17120 28280 99340 43620 55540 26700 14580 11460 21620 94700 57240 41600 30140 37160 15140 9820 100020 53920 9980 26560 21420 77760 80840 40460 32260 16220 15460 17860 67220 78600 53280 27360 19800 35860 55720 12760 81260 53600  2



17100 8980 4800 6860 3000 5560 5340 0 6480 9720 69900 21820 47680 7680 8660 41800 4320 12780 0 8980 7460 9560 68280 61020 36560 19660 25760 6300 21920 5520 19880 9000 83620 46900 14180 46880 21180 15680 12320 11640 17980 24940 14700 23300 11120 52940 63260 67800 35420 18780 25660 7960 63720 40580 33200 76240 30420 11880 19080 68980 18700 34880 16960 31000 98580 39680 42780 23740 14640 19200 39280 99220 53120 32380 23720 32640 21880 13360 106620 61480 19180 34340 16880 59420 80520 38460 32800 22480 16500 19880 63660 80800 51780 32440 17040 31620 47260 15080 88600 60020  
3
18300 7600 3380 5760 2320 4140 5680 0 6580 9420 57320 23240 41460 8620 10540 53380 5200 13100 0 7600 7720 4840 62200 58320 45680 18060 25800 5960 19220 7160 24460 5780 79340 44320 15860 55520 19780 17200 12220 10580 17160 18460 16740 28960 13260 39080 68640 75360 33280 18020 18180 6960 53780 49700 35240 87160 29220 12140 17320 49480 20080 33900 16500 18560 97600 41900 48460 27160 15400 20820 31900 99160 55480 32060 23420 34100 17460 11680 108560 64300 12980 37660 24580 47800 85180 48580 32460 17160 12760 13640 53160 87980 68100 31420 14360 25600 31460 15240 91420 69860  3

18000 7800 4080 5280 2420 4060 4920 0 5920 9600 61440 21820 42780 10700 11020 51000 5300 12700 0 7800 7120 4800 63220 57000 47380 18320 27200 5100 24500 8060 24240 5240 77320 43220 14560 56280 19720 18440 11460 9720 18440 26800 18920 22540 10080 37260 70780 74680 34040 19260 23000 9720 53080 47860 34120 82860 31300 12720 17260 52700 21560 34400 11980 14700 99840 46580 48000 28320 16000 22120 32140 103300 56540 30980 24180 32940 17340 10840 111780 70960 11920 31820 22780 50700 90120 49280 31420 19080 12520 12760 45420 92180 69160 36160 16500 26660 26140 13260 94720 68080  
3
18260 8500 4180 7540 2680 5940 5720 0 6940 9000 60180 21360 45180 8620 7500 54120 5660 12600 0 8500 8760 5260 64720 59780 46920 19420 26480 4600 20580 6180 22360 5620 80900 44200 15220 55300 20960 19700 10100 9640 16100 23160 15600 22600 9920 40020 72280 77060 36020 16780 21860 8680 52280 46540 33880 85100 31540 12980 17980 52100 9660 28560 23780 43080 96920 50040 36800 19880 12700 10460 33100 95280 70540 39440 18520 31340 19420 11340 95920 64040 14060 30960 19800 46560 89660 50140 31160 20000 16960 14820 46000 88260 65620 30760 15940 29920 30740 15060 93360 67860  3

17940 6480 3860 6700 2840 4700 4660 0 6020 7960 62680 23000 44440 8920 8000 54220 5460 12480 0 6480 7440 5640 68360 58960 46320 19180 24800 4740 21220 6100 22260 5480 83000 43900 16140 56640 20880 17640 10580 9860 17040 28500 22920 26320 9720 44300 66120 76160 28180 16680 21020 10520 63380 48660 34320 85520 28740 11120 15380 58840 11700 25680 18880 44000 96740 52780 37520 19500 13800 12440 39860 92880 67200 35720 18360 30200 26240 14000 98280 66740 12700 26000 15440 51780 91220 51940 35260 20220 15600 13680 51480 87900 62980 31540 16800 29740 37680 15240 94760 67160  3

21220 7140 3260 5360 2340 4140 3800 0 4380 7540 57240 24440 43140 9120 9380 55900 5920 15300 0 7140 8820 6940 63240 59000 48700 20040 28260 4200 18500 6580 20020 4880 78220 46460 13420 60200 21260 20640 11340 11040 17160 21960 16500 25620 12460 37880 72680 77940 35380 17500 17240 8520 48400 50360 36120 87760 33200 11500 17700 48180 8840 25320 21340 53020 95360 52360 35020 18040 11560 9860 43100 90780 69160 36740 18880 29940 28840 13700 92540 65300 9700 26540 19500 50520 94140 52280 35220 18320 13200 10960 44060 91080 66640 33980 17780 29720 30180 14320 94180 65580  3

18220 6500 3040 4720 2260 4360 4640 0 4940 9040 62040 25060 42900 9580 9680 54680 6180 12040 0 6500 8440 5980 66800 58680 46760 19340 23440 3040 16240 5620 22560 6660 84760 43900 15420 58660 20400 18500 8820 8600 16480 20920 19560 25700 12500 42160 72400 72880 32180 17140 17400 8660 56220 48640 35040 83480 31040 13740 17480 50700 13000 24940 16360 41260 100460 53080 38260 18960 13900 14160 35900 94900 63680 36180 18380 30280 23440 13700 102100 65680 12680 26520 15760 48960 94360 52780 35760 18780 14180 13920 47920 89180 62820 32660 16420 31040 32800 15540 94960 66400  3

17680 5760 2680 4260 2280 3440 4620 0 5300 8240 60460 24960 43660 8560 10620 54100 6220 11460 0 5760 9520 6300 67420 59080 44920 18740 25880 3080 17160 6240 21880 5340 84460 46280 13380 56460 20140 20840 9080 9340 16740 20280 16740 29500 13760 38240 74000 72960 33280 17380 17800 7620 50200 53640 37680 84940 31680 13360 15940 47960 9220 22820 18220 47600 96000 53540 39800 18340 12820 10300 40380 91380 67060 35240 21020 30320 27940 14280 94220 64120 10260 22020 18320 45300 97300 53420 39920 17500 13340 11120 38820 91080 65720 34480 19760 31380 28980 14420 95040 61880  3

20520 7460 3520 5020 2860 4740 5180 0 6300 9820 56500 21760 45220 9580 8680 57240 6020 14500 0 7460 8500 6420 62460 59380 47580 21580 27740 3580 17400 7480 20680 5720 78180 46080 13840 56860 22220 20200 10580 9960 17120 17860 15760 25080 11840 35360 76280 74840 38720 18000 18440 6520 45080 51360 36460 85320 34580 13020 17480 42560 8540 21340 18140 39920 101220 53480 45140 18420 12260 9620 31580 94780 65200 38600 23340 30160 21360 11900 100500 62680 9540 21020 18080 47380 94660 53500 42000 16720 14180 10120 41040 87080 65020 34920 21680 30100 29980 14880 93080 62180  3

19960 7320 2760 4900 2800 3420 3960 0 5360 9080 58640 24240 43800 8500 10300 58320 6040 13920 0 7320 9100 5560 63280 61260 48160 20520 27080 4280 17200 5880 20860 5360 79220 47180 14860 59120 22300 20560 10680 9820 19180 20580 16360 28220 13720 34820 73360 71300 35020 19500 19300 8100 45740 53840 36260 83860 34040 13600 17060 43440 11520 20600 15860 41220 95400 54840 45100 17740 13680 11700 37940 89560 65040 33160 22160 29680 28460 14720 96880 63600 12200 29540 20080 42340 91480 50580 41860 15780 12840 12100 41220 93720 67100 36680 21640 23460 24180 12180 96720 67520  3

18340 5920 2780 4500 2500 3920 4700 0 6560 10760 59420 24520 43680 8760 10620 53960 5720 12620 0 5920 7500 6080 64160 57440 46880 20520 25500 4260 17300 6200 24820 6580 79940 45280 13700 57320 21260 18120 10460 10180 19240 21420 18740 26140 11100 38100 72960 73480 34360 19780 17660 8200 52840 50440 36560 82660 32340 12580 18580 49280 10660 21200 17600 49080 95020 53420 39020 19420 13300 12080 41680 89660 65260 35420 19860 31000 31040 14220 94980 62580 13520 29380 22520 44380 87600 50660 40800 16840 12320 15040 46520 90560 69360 33760 19480 23620 29440 13800 94600 66540  3

19420 9260 3460 5680 3180 5660 5480 0 5780 8860 62020 23240 43800 8880 7640 55580 5240 14180 0 9260 7180 5340 63360 59060 47420 20880 29700 4480 16860 6900 25740 5380 78820 46060 13760 55880 21580 19840 13200 9760 18780 19820 17160 27140 10000 37080 72260 75500 35240 19800 19140 6280 50720 52020 37180 83840 33060 12280 17240 48120 14360 33980 19280 16520 96240 38260 59860 27560 13080 15120 26200 101180 54200 38160 29260 33480 12960 7680 105040 58300 8960 20260 15140 48680 96980 53580 41440 19580 13960 9820 39780 91100 63900 35960 21680 32420 30560 14120 94220 62000  3

19220 8060 3680 5500 2740 4660 5520 0 5320 8400 59880 21420 42960 9000 8900 56480 5800 13420 0 8060 6940 4960 63840 59680 47520 20320 27460 5400 19960 6520 23140 5600 78980 45780 15640 57420 21460 17900 12580 10260 17380 25340 18420 23400 10840 37100 70540 77380 34720 18360 21620 9500 52460 47620 36900 86380 31340 10420 16720 51840 13260 29600 13480 20780 104840 47900 54820 20800 14840 14680 28460 102960 57120 36840 28040 29080 15860 8480 109120 65760 12100 21260 16640 44300 94040 54160 43060 16320 15360 13160 43700 88000 64240 31900 19840 28760 32780 16580 95160 62900  3

18360 7220 3720 5540 2600 4780 4960 0 6360 8400 60000 22220 44580 9780 6940 54560 5300 13060 0 7220 6560 4720 63140 58480 47880 21420 26720 4680 19220 5940 25500 5420 78980 45460 14120 57860 22280 17400 12220 9280 19060 22900 18880 24100 12340 36160 72580 77420 33520 19500 18820 8320 50940 49720 36800 88220 31920 11840 17540 48100 11480 21880 14700 36540 102680 52440 46120 20880 12080 12980 31520 96720 60000 35520 22160 32900 22120 14220 103600 61140 14240 22460 14560 43260 94640 54740 42200 17740 13780 15780 42420 90260 62940 31600 20180 29780 31980 16140 97060 63820  3

20340 7980 4000 5600 2500 4760 4240 0 5000 8900 58920 21440 42740 9040 7580 56400 6040 14300 0 7980 7000 4520 62580 59480 47080 21060 28780 5280 16740 6400 25340 6180 78240 45500 14560 56460 21740 19760 12360 9780 19580 22880 18740 24980 12620 35260 71840 76540 34140 19560 19520 8020 50000 50020 36680 87420 32920 11980 17720 47820 10780 25360 16100 21820 103560 45700 55840 24520 13920 11880 23180 100900 57100 37360 27400 34860 15700 8660 105980 57720 11860 19800 16000 41900 96580 56300 43820 16500 14400 12340 39540 88640 64980 32380 20260 29800 32080 16300 96400 62940  3

18540 7920 3320 5020 2520 3740 5180 0 5700 9400 57800 25100 43960 9080 9780 57220 5740 12800 0 7920 6680 5260 63140 58280 48120 20920 29120 5340 19580 5740 24620 5540 78320 45440 13340 57300 21500 19720 12340 10500 18600 24460 19620 25900 11400 36360 71760 75840 33080 18640 19700 8900 51660 51420 36680 86100 32740 12160 16380 48700 8280 18300 16340 47220 96840 54740 44120 18780 12460 9440 39380 90000 64760 35140 20920 30160 30680 13900 97880 61880 13100 20680 16360 43960 93000 54680 43640 16500 14060 13540 43520 87100 65240 32180 19920 28400 32340 16600 95100 63640  3

18300 6220 3040 4560 2160 4180 5240 0 6140 9680 60000 25680 45280 8640 10960 52940 5640 12660 0 6220 7580 5540 65000 59580 47480 20260 27460 4040 20400 6440 24080 5000 79800 45380 14960 56700 21520 18840 12020 9460 18400 24200 19740 27160 11340 39420 70960 75680 32640 18700 18840 8440 54480 50840 37060 85380 32160 11120 17680 52200 11980 23120 14300 37040 100880 53360 45940 19240 12260 13300 34760 95980 62660 35320 24040 30360 21860 14420 101560 64640 12160 23800 15060 44980 93740 53980 42560 17900 13140 13360 44360 91220 64080 32680 22260 27560 31120 15360 95900 65380  3

20020 7820 4040 5400 2720 4980 5280 0 5280 9500 60300 25120 42540 9620 11560 56700 5720 14300 0 7820 7100 5300 64180 60040 47220 21080 29180 5920 22680 6720 22820 4800 75740 46080 14320 55440 22300 19220 12860 11100 19500 24260 20760 27900 9420 37720 72140 74500 32140 19740 18120 9320 53880 53380 36020 83220 32440 12300 18160 49160 10040 19440 15240 46500 98140 55300 41560 20400 12680 11340 41440 92320 65100 35320 20340 30520 30500 15440 97600 64340 10420 20820 15360 43220 97600 55460 42100 20000 13820 11580 39580 93220 65060 33360 21380 30080 29540 14680 97980 64440  3

18580 8000 3600 6020 2860 4840 5380 0 6280 8800 58180 25540 41340 9720 12100 55760 5240 13340 0 8000 6920 4800 63820 57460 47420 20660 28520 5220 20800 7000 22940 5420 79340 45060 12900 56580 21420 19160 12600 9900 18180 23540 20500 26440 10960 37420 71080 73820 34280 18500 18780 8840 54560 51160 36060 83580 32400 11280 17520 50000 7900 19080 15880 48160 96680 54980 42760 19180 12560 8820 40980 90940 64520 33960 21020 32180 33260 14980 94600 60780 9300 18960 14960 46660 95520 55760 43560 19900 12300 9960 41120 90540 64900 34260 20760 31660 32220 14300 95740 62380  3

21220 8680 3400 5700 2640 5180 5620 0 7180 10460 61760 25240 42300 8580 9640 56120 5700 15520 0 8680 6640 5360 65120 59540 47140 21200 28820 5460 22720 6700 22440 4960 77580 45580 14440 55680 21700 19340 12840 10580 19200 22140 18000 28520 10860 37800 71900 74800 32180 19460 18660 8340 52640 52460 36180 85220 30980 12620 18260 48980 11200 22540 13100 48040 92580 55900 41760 18540 13760 12580 46540 87840 63640 32760 20360 28620 32980 15900 94720 67540 12020 23400 14880 44660 90800 56400 43180 17680 13140 13120 46060 87380 64700 29720 20600 28360 33380 16120 93960 66420  3

19460 7340 4080 5760 2260 4740 5340 0 6060 9300 59760 25340 43480 10140 10380 53700 5780 13680 0 7340 7880 6420 63860 59440 46520 20320 26900 5240 18640 6940 22820 5700 79500 45280 14460 55520 21600 18480 11680 11220 18020 23920 20900 26800 12360 42280 65920 76200 31020 18180 18980 9180 58780 48820 33980 87820 30100 11440 16520 54120 6480 27260 23880 54440 90720 51320 35400 17220 11860 7700 50120 91120 70940 32500 19040 26580 33640 12860 89720 64000 13940 29280 17820 51520 88020 51820 30500 19420 15600 15020 53100 85100 64480 30120 13880 29380 35800 15580 92080 68760  3

18820 7800 3920 5200 2360 3820 4400 0 5260 7980 62380 22580 43520 10180 8280 52780 5520 13300 0 7800 6660 4900 66940 59860 45900 20580 26900 4820 20400 6360 24720 5620 83220 44420 16160 54200 21600 17500 12480 9120 17860 24920 18040 24200 9560 42160 68620 76420 34120 18660 21300 9040 57860 46220 35700 83700 30380 10840 18240 57720 15680 31940 18880 18280 96340 38960 54120 26660 16740 16880 26640 98400 54240 37800 26060 33440 14860 7980 104180 58380 9020 23360 19200 53000 89920 52740 38060 19100 13320 10040 43380 86020 65320 34280 19100 31020 33600 15060 89360 60740  3

14520 6460 2960 5020 1440 4140 4580 0 6580 14920 88660 22940 53220 9640 7560 41240 4020 10500 0 6460 8540 21040 68160 53020 39100 17740 27320 4480 14640 3840 18180 19480 85620 40740 12780 54160 19140 18960 12500 10720 17180 17720 10900 22820 15480 58720 61820 69620 35000 18400 21720 6900 62660 34340 30380 81400 31100 14940 23640 66220 13200 32380 19260 41540 85920 42100 40720 29960 15580 14460 44660 85660 56860 33780 21140 38860 28640 11440 89540 60480 16480 33900 19760 64020 79680 37440 32880 23760 13420 18040 68860 79060 52980 27300 19220 33140 48500 13300 85640 57800  4

14780 6840 3300 4100 2100 3120 2800 0 3520 9280 85300 20460 47780 8340 7620 39920 3960 10820 0 6840 10520 23920 69960 59460 36540 15700 25940 4380 14060 4380 16020 22380 84940 45560 13220 48400 17760 18700 11080 10920 16440 16380 12240 19260 13640 69060 67280 64900 33860 17540 17980 7360 73040 37920 31540 73800 32380 13540 22020 74320 9140 26120 20620 29840 102240 43780 51000 24480 12720 10140 28340 99880 59000 37280 28100 33560 17440 10520 102200 57160 13180 31280 22440 27980 87780 41960 49780 28400 16460 14540 27280 89080 59680 40140 26000 35720 15000 10720 91980 59240  4

19920 8600 3160 3700 1980 2520 3760 0 4400 9520 82520 22080 48860 7840 10120 49900 5380 14540 0 8600 9520 22300 70460 61240 37480 16420 25900 4700 14040 4700 15580 21140 82940 48640 12620 51000 17960 18120 11220 11000 17500 17340 12900 18540 13180 65660 67860 64700 33740 18700 19760 6880 74120 39780 30860 73320 28980 13960 21280 75020 8180 24380 21620 29660 104820 43680 52180 23380 13260 9380 23020 102220 59120 38860 27820 33040 16160 9200 105040 53860 9740 32760 22480 29620 101820 38460 45740 24800 14660 11200 27660 101960 56520 37340 25840 34640 14360 9180 101500 55880  4

18260 6500 2440 2700 980 1900 2560 0 3240 7320 81600 22020 48420 7620 9540 49240 4900 13360 0 6500 10000 27060 71980 60460 36580 17080 26320 3740 10800 3980 13220 23820 87200 47200 13040 47100 18260 19340 10620 11940 15520 13980 12900 22460 14380 68640 66340 62640 34260 16720 16320 7400 75180 42800 30960 71260 30620 12560 20560 73380 8040 25740 19740 46780 97420 45720 43680 19980 11160 9200 45160 93660 59020 35660 22640 30260 28660 13120 96980 58720 8440 24580 21420 41120 92900 44820 47920 23020 13560 9740 35680 90360 61040 37520 23500 34340 22720 13320 93080 55640  4

15680 6260 2420 3000 1700 2760 2600 0 4600 13240 90820 25440 46060 9140 12640 44280 4920 10760 0 6260 10600 18480 76580 57260 36420 17180 28120 4260 12220 4160 15020 15640 91000 46040 10640 49540 18580 20340 12920 11880 17960 14280 9160 18300 13180 63820 73220 64100 35480 19940 18240 5060 67640 40400 34800 72860 30340 14560 20680 71900 8060 20140 15460 27020 112780 39840 55580 27720 11800 9200 20440 109080 49180 39160 29660 38180 15400 8700 113000 46960 9560 22580 16720 24980 101500 40000 57200 29360 15260 10800 22280 100600 52600 37980 29400 37260 15480 8600 106240 51160  4

16400 6160 2040 3060 1680 2880 2700 0 3700 11120 91220 24080 47400 10060 12540 43820 5220 11180 0 6160 7460 21500 75760 64140 40280 18260 27620 4060 9240 4140 12000 18740 88460 49460 14140 49360 19060 18960 12060 11300 17680 15580 14780 24400 13860 64940 68120 60940 31520 18780 16860 7000 75440 44840 36300 72140 28420 11360 18620 71940 7900 18440 16940 21740 107220 36980 58180 33100 15080 8640 17080 104620 49540 37240 32040 42200 14080 7660 107620 43780 8920 19960 15420 27940 114820 36940 54060 27480 12100 9540 21680 111600 47560 39740 28640 37080 15000 9100 115300 45300  4

15700 5940 2040 3020 1420 2840 2980 0 3960 9500 92740 20440 44940 8800 7660 40540 4680 11020 0 5940 9200 19940 73480 53900 36960 17380 27420 4360 12720 4220 15100 18420 87280 42200 12280 53440 18780 19360 12000 11200 16200 15060 8560 20320 14660 64600 70520 65320 34380 17220 17760 5900 66800 39920 32360 76440 31160 14580 21920 70820 10040 25100 20200 23880 99940 37340 55720 29780 13940 11040 23420 98240 53440 38740 29880 38600 14100 7660 102540 51100 8140 19380 18580 25940 102580 39020 55400 30420 15840 8960 18380 99140 52400 38780 30500 40000 15500 8080 102800 46200  4

14760 5880 2060 2720 1180 2360 2620 0 4900 13500 92080 23660 44760 9880 12160 41160 4560 10200 0 5880 8800 24940 73580 56660 35220 16780 28800 3920 12200 4740 12800 21980 88960 43860 11520 45320 16940 18760 12720 11760 15700 16580 12320 23520 14280 68400 65360 59920 32520 16280 19400 7580 75160 44580 30180 71380 29460 11800 19660 74140 8900 21300 18920 28720 104500 38480 51980 28880 15280 10120 24920 100640 52160 37660 26200 37860 17560 10140 105900 48800 8760 20600 17980 32940 103240 38240 51600 27380 15880 9780 21640 99560 50160 42480 26820 37700 17060 9220 103560 46320  4

17680 7320 2740 3380 1340 2380 2640 0 3340 6500 85500 20500 45280 6640 7540 45480 4740 12940 0 7320 9460 17720 76020 61480 37480 18660 27720 3720 11640 4340 14980 16480 90560 49300 12180 48100 19820 19800 11200 9780 18600 15280 12100 21240 12060 65520 71760 61880 34380 19720 16300 5960 71280 44120 35080 71520 32620 13160 20500 70760 8600 19420 16740 26500 101300 40000 60540 30580 12660 9740 17820 99540 51360 41840 33440 39100 14000 8160 103740 46900 9280 21480 18100 24120 93680 40300 59260 33680 16200 10420 20360 90660 53940 39280 32700 42300 14620 7880 95700 51060  
4
20840 7600 2920 3940 1880 2620 2640 0 3300 6220 77800 20480 42860 5460 7460 43800 5000 15840 0 7600 8000 13660 76780 54780 39940 18800 31220 4660 11460 3840 16020 13660 93660 45400 11100 52300 20320 20360 13940 10120 19420 14860 8740 20920 13900 60500 74540 66220 34580 20600 16380 5320 61740 44040 32920 77120 33800 16360 21900 64880 9600 25600 22580 31260 99120 41560 47300 27020 14220 11280 26640 98020 58760 39420 24600 36680 17200 9020 100700 53320 11540 24360 21020 29560 93400 38660 49200 34960 15800 12860 25840 91380 53520 36340 27720 43720 18700 9560 96080 50060  
4
18920 7980 2700 3280 1480 2300 2860 0 3060 5040 78360 21680 44160 6180 7000 42120 5020 13900 0 7980 10720 13940 73640 49820 36540 16660 27520 4440 14880 5080 15880 11760 93200 40640 10640 52220 18240 19160 12940 12300 18580 16420 11160 21920 16960 61440 67940 62140 32460 19460 19140 5880 64720 42420 30340 76660 31960 14180 21960 67000 8620 28200 20980 37340 94860 39700 46740 28820 13700 9880 33160 95840 55720 40400 24400 37160 19280 10900 96400 53820 9220 26500 22620 42780 97720 38120 43020 25580 13940 10360 32860 97760 56220 41580 22980 34140 20440 11440 99080 51560  
4
16480 5900 2580 3060 1860 2500 2400 0 2480 5660 86580 19240 41120 6880 7220 38620 4940 11540 0 5900 10120 17080 72340 51140 36740 15780 26240 4960 13480 4480 18200 15340 88480 41360 11860 52420 17640 19560 11380 12220 18020 15180 8980 21720 15720 61220 68240 62160 34580 19100 19580 6200 64760 41080 28920 73600 30140 15760 23060 67680 8600 22360 22400 42700 98460 39940 46700 23440 13400 9680 31300 94860 57000 42160 23880 34540 20540 12320 98360 49780 10000 26340 21400 34060 92220 39580 44720 32240 17540 11240 26420 91380 54520 39200 24500 41480 18660 9340 93360 50880  
4
19220 7000 3380 3380 1500 2900 2960 0 3300 6120 84380 20940 41040 5500 7260 42400 5200 14020 0 7000 9760 17960 68240 53060 35080 15600 26200 4420 14100 4520 20000 17700 89020 43520 12080 51780 17980 19520 10780 10720 17080 14100 10780 23900 14300 63600 68660 62460 32460 18160 17940 6300 69440 43700 31600 73060 29940 14300 21060 69100 8960 24540 22580 39800 98040 42220 46280 22040 13240 10180 34540 95640 60300 39940 24540 31820 20580 11200 98640 54900 8320 25080 22780 40460 96040 40960 47940 22140 14220 9540 32880 95200 58320 40100 24460 31920 21360 12620 96580 51580  
4
18240 6880 2980 3900 1860 2200 2240 0 2920 5060 79980 20880 41400 6020 6560 42440 4860 13380 0 6880 10840 17980 69220 52360 37460 16460 27400 4180 12920 4500 17040 17020 87860 41100 12740 51240 18060 20600 11540 11140 16860 13800 8760 22140 16080 62060 68060 64900 34540 17740 17780 5840 66140 40520 30820 76580 29440 15120 21400 68840 9000 26260 22960 37600 96340 40600 46380 25900 13000 10440 33140 96960 59440 37640 24800 34380 19760 10540 98840 53820 8960 25320 21360 41060 100140 40380 44780 21140 14560 9920 34760 98620 56860 38560 23120 31720 21720 12640 100580 51980  
4
17660 5920 2680 2640 1120 2020 1700 0 2400 5700 87060 20680 45720 8940 9200 43120 5300 12360 0 5920 9400 16600 77880 58100 37120 17720 26520 3580 10000 4080 14760 15460 94980 45460 11460 48820 19140 19300 10840 10360 17840 14340 13140 23200 14940 60440 66520 63880 34600 19440 17560 5760 68440 44200 30640 75840 29140 13860 19700 66940 8180 23080 18740 25680 105320 38120 54960 28480 13660 9460 22840 104320 52340 38260 28660 37460 13980 8760 106740 48680 8620 21980 18340 31020 101380 40480 54120 27600 13240 9240 21900 97060 53300 43120 28480 38940 14660 9140 100560 50300  
4
14640 5600 1920 2920 1180 2500 2080 0 2600 7560 88960 20480 45620 8540 8520 40460 4460 10180 0 5600 10320 19660 74080 53660 36660 16660 26560 3820 11200 4300 12640 17140 91640 42260 11520 51900 18220 19300 11580 11900 16960 12900 6700 19380 15380 64620 73400 62360 35480 18740 17580 5340 65500 41200 32200 73260 29720 15400 22360 70460 6220 19980 19480 28800 105660 40460 53740 28600 14300 7500 20320 101400 53900 40960 27680 38520 14520 8520 103560 48840 6400 21860 18200 30200 107100 37880 53040 26260 15280 8040 22260 104600 51120 40720 26780 35680 14140 9180 107020 47160  4

16940 7280 3200 3860 2600 3780 3640 0 3700 7880 90600 21780 49160 10240 7060 44860 4880 12060 0 7280 8600 13060 78480 63660 38280 16400 28640 5080 13180 4200 14060 11700 92140 51340 11880 50580 18160 18660 13420 10400 19400 17360 11400 21340 13160 59940 71740 63700 33760 20420 17460 6520 65320 44500 33760 74920 32060 14340 20820 67120 10980 22200 18060 27820 102020 39580 54040 28040 14660 12560 19920 101220 53600 41600 28880 36620 13840 8380 104880 49640 10220 20120 17580 28740 107060 37780 53040 26200 14960 11540 20840 102080 51120 39200 29300 37100 13680 8740 108300 47440  4

17420 7260 3100 4720 2180 3200 2820 0 2880 5220 86620 21760 46060 8300 8320 44520 4680 12740 0 7260 8660 9480 75200 52960 36420 20280 27980 5260 15360 4840 17560 8480 91800 43800 10720 49820 21040 19260 12740 11820 20000 16760 9360 16540 13200 55600 78700 60100 38940 20940 19460 5240 58840 41380 32260 70580 33260 17220 24040 64660 10240 23800 17920 26920 101120 37700 53540 28340 14480 11020 21940 97740 51700 39700 29660 39020 15020 8120 102000 48700 12420 18420 16340 30340 86500 40840 56740 34080 17880 12960 19520 78360 51000 41840 31760 46480 18260 9360 88180 47920  
4
20760 8320 3640 4360 1840 2140 2020 0 2060 3020 72880 19720 44920 5520 5520 45000 5180 15580 0 8320 12020 12860 77920 61600 36260 17980 27800 4800 12940 5300 9000 8720 89340 51040 10800 50880 20160 20940 11940 13280 18820 16860 10520 23200 14380 55980 73100 61120 35060 19720 19760 5340 59300 47460 30480 73700 33300 16040 21180 62280 7800 16580 16920 28320 107320 38460 56180 29960 15180 8480 16540 99460 48880 41600 30860 42980 16280 7860 103740 43060 8240 23720 20620 34660 102060 39080 50360 24400 13720 9460 24620 98160 53780 42920 24340 35720 16600 10760 101380 49300  4

16500 6620 2780 4040 1500 2400 2340 0 3100 5900 90320 20780 42760 8820 8660 40760 4780 11720 0 6620 9760 14080 73740 52480 37200 17920 28100 5280 15240 4640 13200 12680 87860 40880 11020 53920 19620 19480 12260 12380 18820 17360 9060 20560 14520 60700 67380 64600 34340 19540 20660 6060 60180 39400 28860 76560 34740 15800 23360 64900 9360 24800 20300 39140 92260 43860 44520 29360 15440 10840 33940 91300 59460 36960 23880 37620 23360 10620 94500 56580 9900 29640 19420 50480 90580 39340 40160 23580 15000 11240 48400 89000 52740 35440 21280 33940 31500 13460 91880 54220  4

20960 8120 3580 4340 1540 2420 1820 0 2300 3440 78800 19260 42720 5620 5740 43040 4880 16080 0 8120 9480 14900 73680 52960 36500 17020 26380 5060 14300 4840 16000 12620 90840 42420 10860 52100 18640 18020 11840 12580 19100 17460 9220 18780 15400 59900 70540 62260 33940 20660 22080 5200 62060 38820 29580 74200 31980 16180 24140 67600 9620 21920 19440 30560 100580 39100 53020 29020 14340 10400 18900 97760 53000 41440 29940 39560 16200 8560 100900 46800 10580 20200 18620 31240 91220 39300 55340 32080 17460 11720 19600 85000 50980 42800 29100 44180 18240 10760 91500 46220  4

16460 6720 2820 2940 2040 3280 2980 0 3160 7720 90300 22060 43400 8300 9260 44060 4540 11920 0 6720 9840 13340 75700 52660 35440 17180 29300 4420 15620 4600 12520 11620 91840 41300 10780 52400 18920 19580 12620 11360 17160 16220 7920 18400 13700 60820 74560 60140 37600 18860 20780 5900 62020 40200 30740 70380 31840 16980 22220 67420 9420 22980 19460 31620 94500 40920 54260 27800 14720 10420 21980 91380 53440 41520 28600 38980 17940 10000 95880 48400 8100 19240 16740 38840 106220 37600 50360 23940 16420 8740 26180 99380 48640 39780 26860 36040 19860 12040 105360 45860  4

