75
466 1117 421 647 284 5520 2818 1405 2887 681 409 957 484 5299 2983 1293 1038 2385 658 423 1553 1745 363 823 434 599 2436 1843 5397 1758 807 1282 446 332 2769 1713 1412 4666 1746 758 1569 1741 368 807 428 691 2587 1809 5174 1572 674 1322 490 377 2920 1769 1395 4715 1735 712 1539 1776 371 710 403 657 2322 1925 5424 1601 668 1385 516 372 2604 1811 1498 4788 1710 687 1521 1702 366 731 402 648 2796 1795 5159 1568 706 1282 544 371 3076 1745 1383 4599 1708 701  1

447 1009 403 600 277 6874 2484 1292 2160 676 398 876 673 6478 2625 1164 897 1740 657 433 1388 1386 363 733 432 549 3010 1968 5324 1616 692 1093 429 334 3256 1801 1583 4432 1582 624 1408 1451 371 779 447 583 3140 1773 5187 1448 622 1101 496 395 3496 1764 1552 4517 1535 602 1505 1567 349 752 449 628 2489 1941 5498 1546 686 1191 477 380 2820 1900 1686 4667 1671 672 1437 1515 366 766 417 651 2715 2019 5294 1474 614 1206 514 444 2992 1980 1721 4399 1600 631  1

693 1342 485 1020 597 4025 2773 1684 2496 1001 676 1237 737 3657 3134 1506 1227 2029 1052 707 750 1563 577 1032 596 2914 2988 1735 2932 1032 724 1421 816 2658 3311 1541 1382 2310 1127 767 664 1364 538 1217 627 3000 3128 1767 2658 1001 741 1281 833 2591 3517 1653 1388 2310 1058 705 759 1339 562 966 578 2773 2968 1786 2876 1160 799 1468 912 2533 3232 1591 1312 2386 1097 677 738 1313 509 991 560 2838 2958 1822 2932 1209 753 1361 817 2590 3301 1589 1304 2388 1036 665  1

503 914 495 1158 630 5240 2684 1543 1934 823 727 1016 746 4891 2884 1341 975 1868 940 642 711 1038 408 896 727 3201 2539 1877 3313 1082 662 1124 683 2780 2747 1765 1378 2695 1097 674 666 1139 417 814 491 3812 2455 1815 2959 1178 881 1162 691 3206 2576 1468 1141 2736 1048 748 656 1273 484 820 514 3452 2383 2008 3248 1149 737 1229 697 2911 2440 1625 1325 2778 1077 677 709 1183 453 715 336 3754 2310 1901 3463 1155 608 1036 607 3213 2394 1487 1354 2882 1009 602  1

714 1231 485 1070 688 4277 2767 1637 2252 993 729 1214 717 3987 3073 1557 1088 1865 1061 693 736 1312 489 1051 699 3670 2606 1805 2552 1134 832 1252 724 3330 2843 1701 1245 2178 1109 765 807 1623 554 1034 591 2797 2976 1693 2539 1072 811 1683 925 2624 3367 1617 1213 2171 1110 669 707 1385 577 941 486 2941 3231 1777 2725 1128 698 1425 893 2695 3478 1450 1206 2153 1072 701 687 1307 497 831 533 3424 3005 1779 2832 1098 677 1299 785 2983 3213 1418 1146 2307 1090 727  1

706 1247 470 914 505 4497 2852 1641 2348 976 578 1098 680 4216 3143 1438 1076 1840 992 697 731 1480 540 962 551 3570 2935 1646 2532 962 694 1334 788 3292 3160 1465 1245 2208 1111 747 542 1081 433 812 505 4867 2615 1778 2330 975 799 1108 673 4142 2649 1253 1050 2260 980 738 753 1091 437 836 544 3277 2399 1857 3348 1161 732 1192 669 2755 2481 1548 1357 2943 1228 711 631 1029 431 793 518 4342 2395 1650 2876 1031 650 1181 695 3755 2476 1465 1170 2621 1058 625  1

573 1064 425 923 638 5162 2657 1406 2097 904 684 1079 746 4696 2796 1368 1084 1870 984 672 708 1272 481 1072 663 3419 2405 1789 2963 1101 792 1254 724 3111 2633 1723 1290 2541 1091 700 777 1319 505 897 525 3274 2416 1777 3080 1199 783 1318 814 2853 2632 1553 1286 2776 1123 708 814 1210 454 913 558 3165 2440 1925 3180 1163 752 1261 702 2774 2689 1637 1273 2738 1195 723 770 1237 454 809 568 3131 2392 1953 3314 1218 720 1255 739 2673 2563 1628 1349 2758 1155 715  1

1496 1527 404 725 389 885 2044 2204 5730 1662 712 1089 470 735 2342 1995 1723 4744 1675 746 2220 2530 524 730 365 901 612 626 6720 2410 1124 1716 589 683 874 593 1664 5685 2381 1101 2222 2589 492 753 333 824 606 738 6635 2398 1044 1835 569 595 873 575 1479 5725 2375 1018 2254 2687 523 766 362 798 606 719 6528 2408 1087 1829 591 630 864 574 1382 5769 2411 1111 2193 2615 510 782 386 703 607 755 6686 2338 1046 1816 567 555 911 609 1620 5675 2366 1042  1

1516 1623 422 705 372 924 2440 2115 5274 1671 741 1173 508 765 2729 1907 1662 4328 1671 766 2146 2513 458 734 313 926 606 776 6644 2322 1099 1737 608 676 804 561 1771 5655 2303 1049 2262 2667 512 775 349 917 646 734 6378 2355 1102 1833 588 656 903 577 1446 5625 2433 1119 2203 2623 507 753 366 934 641 736 6471 2278 1054 1842 570 689 867 595 1629 5561 2362 1070 2129 2531 503 745 365 936 657 809 6535 2236 1067 1737 575 664 886 629 1922 5403 2309 1087  1

1488 1671 442 734 359 1033 1868 2241 5414 1624 741 1244 546 821 2063 1958 1667 4602 1710 791 1970 2144 460 718 346 1047 685 1876 6015 2090 985 1434 547 782 898 1286 2291 4905 2145 1001 1932 2133 454 721 345 1044 689 2032 5900 2065 967 1448 556 805 868 1408 2269 4880 2112 1004 1943 2115 467 703 339 906 716 2149 5931 2074 970 1437 564 632 902 1597 2164 4938 2138 1030 1939 2123 464 710 343 895 731 2182 5894 2060 943 1473 542 638 923 1707 2038 4939 2132 962  1

1731 1917 431 701 357 651 2559 2049 4949 1847 854 1378 530 427 2828 1835 1479 4246 1901 887 2011 2501 499 742 354 653 589 2320 5525 2152 1061 1730 574 411 816 1620 2294 4483 2158 1046 1947 2348 451 718 359 796 680 2081 5874 2092 1013 1595 509 511 890 1416 2319 4781 2159 1050 1942 2257 478 717 348 783 686 2042 6022 2078 964 1540 550 476 867 1407 2337 4925 2171 977 2128 2453 485 726 358 745 631 1762 5960 2269 1060 1653 560 449 826 1102 2356 4882 2337 1096  1

1529 1825 436 717 344 774 2702 1985 5060 1683 776 1307 477 531 2891 1831 1483 4327 1753 795 1997 2423 502 739 358 744 628 1666 6218 2150 1043 1643 566 448 858 1023 2365 5029 2185 1069 1905 2369 479 768 341 755 643 1777 6241 2080 1037 1601 520 491 890 1174 2281 5066 2111 1049 2025 2441 505 733 353 829 626 1592 6166 2169 1037 1681 568 530 838 1020 2327 4999 2225 995 1937 2398 521 751 342 846 734 2333 5420 2093 1018 1641 568 564 942 1729 2192 4422 2132 1049  1

698 1132 492 1302 878 5284 2627 1158 1631 855 1071 1336 1347 4363 2983 1335 883 1941 1165 834 892 1466 509 751 490 2596 2353 2079 3852 1025 644 1297 874 1786 2456 1882 1817 3267 1316 942 940 1327 420 997 656 2429 2025 1942 3878 1187 691 1142 854 1896 2652 1985 1816 2998 1140 816 895 1169 467 1036 951 2667 2018 2006 3568 1113 742 1238 863 2103 2471 2128 1758 2917 1302 781 872 1201 461 1181 1015 2570 1981 1950 3537 1106 900 1308 870 1972 2400 2150 1750 3044 1329 798  1

815 1357 495 1110 796 3599 3284 1732 2046 1015 1049 1462 828 2952 3392 1681 1238 2201 1358 910 989 1600 533 789 617 2476 2152 2193 3798 1159 698 1479 837 1830 2322 1873 1785 3058 1401 872 928 1454 549 897 690 2508 2071 2001 3702 1113 846 1426 875 1781 2406 1954 1878 3260 1331 879 894 1183 446 1145 1012 2617 2108 1854 3461 1190 948 1333 828 1976 2397 1991 1791 3203 1383 784 908 1150 445 1056 986 2773 2024 1864 3526 1176 827 1300 891 2109 2306 1971 1735 3182 1408 833  1

668 1182 417 846 835 5570 2891 1245 1795 772 666 1283 1570 4334 3022 1268 878 1694 1300 1070 952 1458 536 745 495 2852 2450 2166 3559 1102 647 1222 847 2158 2601 1878 1626 2888 1264 907 907 1185 466 982 989 2577 2109 1971 3455 1208 856 1303 889 1974 2393 2065 1769 2993 1433 815 871 1123 470 1176 1024 2479 2030 1963 3567 1160 902 1265 880 1858 2383 2118 1773 3169 1418 797 873 1139 454 1169 1016 2543 2032 1899 3598 1177 874 1302 905 1900 2323 2051 1758 3231 1417 788  1

773 1331 469 1097 811 3620 3281 1814 2124 930 984 1405 814 3031 3458 1639 1208 2200 1304 892 965 1522 588 806 572 2041 2243 1989 4379 1168 718 1355 859 1422 2369 1733 1829 3480 1360 911 959 1219 444 937 924 2636 1998 1968 3584 1177 725 1251 867 2093 2427 2157 1778 2910 1343 797 880 1166 467 1102 689 2899 1935 1936 3680 1125 698 984 798 2448 2535 2087 1714 2965 1035 660 957 1305 448 993 678 2612 1863 2121 3812 1202 683 1075 651 2257 2420 2193 1804 3065 1107 591  1

823 1071 466 1045 653 3394 3213 1552 2146 841 895 1069 607 3108 3415 1318 1118 2244 1279 714 885 1172 440 1098 753 2549 2861 1911 2606 967 959 1137 579 2229 2916 1669 1383 2623 1364 799 1013 1101 504 1329 968 2786 2646 1700 2423 1149 1066 1118 597 2413 2971 1606 1251 2463 1436 823 902 1241 451 869 749 3183 2698 1764 2581 1025 798 1381 684 2672 2901 1695 1316 2206 1349 774 981 1064 347 613 724 3286 2847 1866 2823 1081 665 981 601 2693 2932 1747 1337 2343 1395 807  1

637 1088 599 1058 867 5587 2112 990 1414 735 588 1080 1674 4475 2666 1261 835 1305 903 918 753 1118 469 1013 721 4399 2678 1349 2069 856 622 1096 689 3774 3267 1534 994 2008 945 579 756 927 361 901 592 4286 2882 1509 2222 845 520 790 522 3747 3483 1584 1162 1895 877 534 741 980 395 921 554 4314 2936 1522 2213 840 493 755 548 3814 3533 1544 1153 1885 871 531 767 962 383 897 616 4201 2935 1566 2157 860 542 850 544 3691 3519 1597 1113 1883 945 572  1

725 1340 628 1286 736 3776 2706 1592 2290 1084 929 1371 844 3605 2974 1518 1177 2062 1161 779 761 1429 556 954 711 3353 2573 1720 2862 1108 651 1459 823 3067 2882 1654 1351 2175 1158 681 762 1385 525 1070 668 3383 2692 1594 2876 1214 739 1198 670 2963 3155 1720 1357 2318 962 627 688 1308 537 1217 584 3397 2841 1469 2753 1228 604 1122 736 3132 3540 1611 1259 2145 864 511 610 1213 802 1485 676 3678 2641 1618 2385 1067 577 1017 1033 3249 3321 1544 1166 1958 922 700  2

580 1092 653 1361 730 5275 2293 1375 1832 1032 866 1208 1468 4399 2725 1231 890 1745 1052 806 735 1353 518 1196 718 3246 2757 1667 2703 1125 777 1382 822 3037 3159 1569 1199 2253 1154 736 721 1338 586 1349 863 3519 2635 1493 2615 1219 861 1306 833 3014 3114 1662 1212 2368 1121 693 571 1055 575 1565 819 3339 2898 1607 2455 1216 733 1098 853 2986 3572 1665 1155 1991 1008 654 610 1348 816 1724 856 3115 2543 1622 2351 1134 867 1411 1074 2923 3138 1534 1048 2102 1091 765  2

754 1372 666 1122 626 4886 2720 1247 1917 1146 965 1327 1028 4328 2878 1087 918 1974 1207 844 740 1456 524 1111 742 2599 3103 1952 2856 1137 771 1397 786 2072 3359 1767 1450 2460 1241 741 779 1606 573 1138 786 2451 2969 1999 2879 1090 699 1609 829 1960 3398 1858 1352 2364 1166 711 585 1447 642 1390 779 2407 3309 2222 2472 966 621 1439 909 2162 3931 1755 1175 1785 1056 726 661 1613 826 1558 776 2638 2546 2071 2571 1039 765 1563 1056 2374 3076 1577 1173 2163 1236 812  2

619 1180 525 987 484 4618 2782 1554 2242 898 552 1036 801 4287 3109 1428 1046 1853 881 610 691 1264 514 992 509 3728 2404 1845 2892 1013 593 1101 625 3552 2788 1698 1230 2328 927 568 658 1196 534 999 599 4218 2206 1733 2929 1050 607 1011 615 3539 2567 1741 1349 2631 891 584 672 1001 424 938 694 4287 2375 1856 2842 1022 567 831 615 3529 2709 1877 1389 2340 963 577 606 1033 549 1289 607 3904 2521 2222 2430 996 547 929 694 3536 3024 1651 1153 1987 929 555  2

764 1434 530 1173 655 3479 3116 1735 2307 1094 813 1306 774 3054 3422 1504 1143 1987 1235 833 770 1438 587 1170 804 3297 2536 1834 2872 1111 699 1365 805 2702 2949 1765 1353 2469 1201 712 586 1131 488 1518 837 3177 2593 2127 2783 928 659 1138 736 2695 3322 1770 1344 2167 1089 720 686 1257 813 1505 721 3192 2386 2210 2489 1014 615 1063 1089 2740 3090 1753 1250 2001 1038 841 709 1247 485 959 667 4093 3052 1672 2349 1088 694 1143 704 3518 3220 1463 1126 1994 1240 741  2

729 1187 707 1214 1612 5348 1961 1098 1673 1108 971 2017 1691 4105 2096 868 888 1924 2181 1476 720 1424 629 1375 793 3673 2649 1472 2469 1122 914 1359 885 3128 3049 1504 1219 2374 1101 743 597 1107 774 1667 744 3358 2961 1807 2209 939 741 1126 1044 3119 3630 1512 1014 1776 1078 709 607 1487 805 1469 775 3310 2633 1748 2321 1010 686 1415 1074 2960 3253 1496 1009 1925 1104 751 731 1258 520 956 626 3563 3193 1667 2572 1138 700 1221 743 2955 3310 1431 1208 2269 1309 722  2

850 1493 506 688 358 3225 3437 1932 2676 1013 685 1164 670 2900 3542 1706 1262 2161 1109 775 970 1565 494 723 463 2484 2685 2134 3487 1145 670 1319 834 2154 2785 1790 1579 2639 1227 902 915 1509 511 1342 773 2432 2697 1871 3087 1121 818 1445 801 2031 3248 1908 1431 2513 1474 808 985 1718 786 954 559 2384 2656 1824 3232 1260 788 1535 1100 1894 2735 1671 1382 2686 1568 867 970 1744 773 934 445 2563 2521 1876 3316 1256 769 1436 1038 2031 2679 1689 1407 2840 1381 761  2

859 1447 552 1117 713 2224 3799 1955 2407 1065 903 1511 960 2046 4042 1826 1213 2189 1232 856 1040 1577 563 1010 633 1425 2101 2332 4243 1202 778 1511 865 1029 2465 2161 2061 3383 1342 728 1038 1505 604 1580 891 1380 1926 2188 3926 1262 745 1487 992 995 2831 2254 1943 3062 1328 769 891 1549 769 1387 910 1484 1963 2201 3640 1081 736 1579 1115 1136 2622 2361 1899 3054 1193 737 829 1633 849 1498 851 1545 1847 2000 3731 1024 719 1697 1229 1171 2614 2130 1870 3148 1151 730  2

888 1304 582 798 651 2339 3611 2089 2799 1091 619 1242 980 1840 3914 2026 1481 2241 1094 748 956 1452 532 863 423 1734 2953 2415 3700 1189 629 1181 725 1403 3311 2161 1754 2931 1118 642 1027 1532 587 1399 613 1738 2751 2168 3397 1139 680 1231 711 1438 3653 2225 1599 2735 1146 679 832 1856 806 1189 733 1783 2812 1957 2946 1031 621 1820 1134 1414 3430 1971 1638 2369 1090 742 808 2034 808 1396 872 1607 2543 1876 2910 1036 792 2060 1171 1363 3235 2022 1575 2374 1095 780  2

887 1508 547 1080 648 2236 3833 1846 2423 1135 935 1495 940 2037 4266 1844 1115 2075 1100 736 996 1509 589 1178 707 1514 1978 2359 4150 1183 676 1363 831 1120 2565 2320 2093 3318 1245 715 957 1551 679 1506 685 1472 1693 2159 4212 1228 674 1315 989 1108 2684 2340 1952 3326 1045 663 861 2204 732 1112 698 1369 2940 1806 3055 1174 650 1995 976 1319 3624 2104 1656 2124 943 621 870 2230 775 1161 698 1172 2759 1704 3432 1186 664 2000 1024 1187 3509 1997 1707 2363 958 647  2

978 1653 577 762 435 1778 4084 2199 2713 1099 677 1373 755 1536 4401 2004 1282 2259 1155 701 1008 1557 564 838 417 1367 2846 2437 3859 1258 687 1291 748 1162 3223 2315 1990 2811 1105 589 920 1504 583 1307 847 1582 2682 2149 3495 1128 759 1475 920 1097 3347 2266 1793 2754 1293 713 781 1719 822 1332 765 1797 2556 2032 3025 986 673 1793 1275 1320 3287 2147 1612 2499 1073 701 749 1866 892 1269 800 1648 2435 2031 3095 980 633 1932 1341 1272 3105 2176 1694 2456 1041 679  2

932 1528 591 1121 596 1783 3942 1971 2591 1152 868 1491 991 1613 4315 1852 1291 2205 1139 757 1037 1641 567 955 611 1394 1621 2312 4698 1227 726 1602 902 993 2037 2194 2138 3702 1276 738 1113 1611 610 1190 823 1615 1680 2008 4348 1342 697 1425 940 1003 2305 2154 2050 3580 1346 771 853 1591 886 1582 878 1579 1693 1994 3753 1087 670 1618 1228 1218 2568 2146 1924 3175 1175 683 832 1633 955 1615 894 1490 1560 1954 3840 1072 712 1692 1333 1178 2416 2120 1986 3186 1155 668  2

922 1646 551 1147 669 1947 3821 1889 2474 1122 973 1592 932 1735 4182 1809 1227 2190 1179 763 1058 1757 608 964 622 1402 1395 2153 4823 1247 696 1725 988 1001 1802 2022 2238 3759 1321 767 1032 1585 639 1391 904 1611 1806 2069 4047 1275 762 1584 992 1013 2499 2137 2019 3304 1424 818 848 1640 858 1419 819 1605 2592 1996 3187 1061 697 1723 1270 1183 3355 2146 1655 2549 1171 762 768 2024 880 1292 831 1667 3153 1786 2485 1005 695 2120 1301 1504 3760 1991 1330 1992 1068 727  2

942 1581 612 1279 650 1692 3802 1933 2531 1142 1062 1603 926 1578 4197 1856 1351 2254 1204 782 977 1484 551 1165 861 1287 1470 2365 4669 1262 885 1574 877 906 1899 2276 2265 3743 1376 738 1053 1585 664 1490 978 1496 1611 1967 4128 1304 758 1593 1036 994 2382 2081 2078 3422 1452 723 890 1590 893 1466 780 1670 1569 2054 3820 1081 645 1472 1330 1251 2458 2208 1876 3211 1097 790 892 1522 884 1502 693 1656 1511 2098 3948 1119 621 1312 1295 1312 2443 2197 2016 3243 982 683  2

814 1221 484 833 660 4602 2910 1558 2506 1083 744 1225 673 4025 3143 1428 1212 2280 1211 715 1259 1880 497 747 456 1138 2933 1581 4794 1417 810 1383 584 704 3019 1390 1246 4381 1645 971 1218 1749 485 843 739 1539 2697 1578 4595 1473 807 1355 550 750 2948 1663 1406 4317 1548 776 1257 1798 800 1135 599 1438 2877 1662 3741 1425 788 1448 987 1028 3055 1464 1269 3389 1734 1008 1205 1702 752 1161 625 1518 2772 1843 3727 1379 803 1367 1081 993 2967 1546 1364 3315 1691 1140  2

873 1363 454 772 415 4248 2758 1798 2864 1149 727 1096 527 3817 2966 1712 1306 2426 1091 629 1298 1981 558 775 490 1182 2519 1409 4940 1546 892 1613 658 964 2704 1203 1274 4346 1632 885 1246 1854 543 828 529 1633 2589 1489 4800 1462 807 1379 586 943 2838 1328 1382 4573 1571 850 1180 1713 489 798 658 1653 2581 1322 4961 1370 813 1352 571 891 2795 1440 1481 4671 1505 820 1179 1734 782 1079 596 1741 2792 1242 4194 1366 794 1390 876 977 2995 1350 1358 4150 1672 730  2

799 1231 582 1165 654 4134 2851 1656 2516 1109 1057 1257 741 3716 2925 1492 1278 2530 1262 738 1293 1930 498 710 577 1237 2426 1739 4765 1493 820 1567 886 805 2563 1460 1381 4087 1602 1099 1134 1769 502 837 820 1652 2779 1627 4466 1326 779 1452 825 820 3013 1626 1551 3934 1551 1013 1251 1687 756 1235 688 1410 2612 1786 4021 1416 771 1341 1046 1042 2859 1589 1323 3520 1743 1110 1148 1836 872 1180 681 1596 2629 1616 3757 1342 755 1570 1213 992 2783 1585 1287 3489 1691 1051  2

870 1257 519 773 438 4076 3113 1604 2788 1064 645 1035 766 3709 3310 1528 1299 2259 1151 761 1176 1871 502 756 639 1358 2717 1635 4479 1279 772 1630 926 759 2841 1523 1347 4031 1648 1106 1154 1818 509 798 688 1712 2701 1697 4389 1351 770 1553 845 840 2920 1507 1307 4096 1579 1016 1156 1540 508 1439 868 1541 2776 1517 4073 1342 868 1383 809 790 3142 1575 1510 3762 1919 977 1207 1495 597 1362 600 1838 2875 1491 3923 1412 807 1133 850 929 3293 1528 1429 3730 1776 968  2

757 1081 573 1265 757 4935 2404 1327 1750 838 845 1073 1265 4203 2855 1185 984 1775 1067 745 911 1134 615 1293 800 3050 2782 1535 2122 1041 660 1093 777 2979 3403 1437 1189 1767 1212 673 827 1164 649 1143 652 4017 2633 1474 1874 786 548 1131 960 3819 3254 1252 1037 1494 1060 670 770 1061 474 1041 721 4355 2749 1465 1803 768 507 1079 828 4003 3353 1299 1012 1500 1046 655 785 1063 426 652 642 4407 3027 1399 1906 818 548 1029 751 3874 3223 1269 994 1720 1160 697  2

815 1146 462 1096 760 3774 2717 1552 1971 923 881 1188 672 3467 3058 1397 1191 1918 1140 713 903 1186 456 1126 747 2814 2647 1984 2634 1068 927 1164 631 2457 2898 1770 1385 2513 1282 738 914 1241 487 1068 836 2605 2751 1858 2540 986 684 1215 642 2223 3207 1860 1391 2232 1251 727 851 1261 652 1078 656 3256 2847 1723 2126 820 499 1175 866 3116 3385 1303 1121 1690 1094 694 862 1136 710 1160 721 3370 2800 1694 2001 841 518 1115 927 3223 3369 1387 1126 1555 1111 687  2

773 1041 583 1349 729 4302 2448 1427 1828 923 932 1044 795 4006 2920 1302 1171 2003 1076 717 1050 1313 492 867 679 2667 2755 1848 2946 1062 630 1113 632 2410 3116 1665 1453 2343 1279 806 995 1236 474 765 554 3195 3041 1792 2557 1013 565 955 675 2865 3391 1609 1281 2023 1132 796 1035 1185 722 1188 703 2762 2785 1680 2277 1076 627 1042 869 2624 3347 1565 1174 1817 1228 753 843 1018 624 1392 705 3082 2993 1522 2040 1025 967 972 676 2848 3473 1463 1287 2013 1088 698  2

1038 1363 598 1204 681 2949 2962 1338 2202 1151 1098 1193 615 2618 3264 1317 1284 2434 1317 802 1045 1364 458 1095 714 2771 2988 1546 2509 1046 950 1258 650 2435 3335 1547 1209 2417 1280 788 999 1324 489 995 704 2672 3083 1653 2646 1045 851 1238 647 2374 3354 1570 1296 2373 1314 785 1017 1286 653 1495 803 2387 2732 1446 2377 1041 960 1322 742 2351 3354 1450 1210 2163 1305 731 843 1245 750 1437 660 3940 2299 1251 1839 1113 987 1197 815 3812 2841 1222 1101 1927 1117 735  2

824 1021 412 878 673 4157 2870 1436 2011 844 777 1037 671 3752 3109 1314 1063 2024 1177 720 892 1031 402 736 656 4016 2983 1442 2183 875 633 1012 641 3558 3204 1314 1042 2082 1263 701 980 1289 464 1014 768 3704 2871 1413 2140 980 636 1178 721 3331 3339 1410 1126 1955 1257 703 1032 1433 498 819 649 2832 2675 1829 2855 1118 589 1249 652 2491 3029 1683 1351 2323 1284 777 874 1343 635 995 577 3839 2778 1443 1877 969 468 1134 834 3689 3322 1387 1083 1427 1013 678  2

856 1031 488 955 657 4205 2780 1346 2099 908 900 966 670 3860 3010 1234 1059 2140 1186 739 871 1060 452 1004 626 3608 3088 1469 2089 950 931 1016 604 3271 3179 1282 1155 2242 1219 725 863 1256 598 1179 718 3439 3013 1475 1913 989 908 1257 635 3207 3266 1317 1222 2065 1142 689 1124 1417 501 1052 789 2515 2591 1772 2794 1138 890 1384 669 2214 2869 1712 1400 2485 1469 856 827 1435 648 1201 651 3982 2339 1297 1820 962 807 1442 956 3775 2771 1262 972 1760 1073 707  2

581 819 450 950 1439 6076 1864 932 1297 606 798 1460 1961 4404 2076 933 899 1826 1535 1456 980 1090 435 618 640 3369 2757 1948 2547 842 465 937 654 2799 2889 1715 1387 2153 1243 805 1066 1298 438 717 430 3070 2555 2111 3052 967 580 922 555 2645 2842 1746 1525 2487 1171 826 1034 1079 363 1052 560 2754 2934 2002 2668 957 553 722 461 2451 3501 1729 1359 2107 1206 754 926 1027 603 1014 623 3545 2978 1717 2043 816 462 922 759 3414 3377 1424 1103 1628 1194 766  2

712 1336 744 1292 769 4894 2414 1332 1765 1078 1309 1397 1269 4068 2476 1115 911 2136 1331 1020 681 1268 680 1245 915 3247 3047 1599 2199 1161 824 1536 1085 2831 3284 1560 1107 1991 1376 830 803 1235 611 1442 883 3222 3201 1616 2054 1060 958 1391 999 2835 3495 1544 1076 2140 1452 863 643 1112 509 1814 1103 3292 3089 1564 1846 1150 1055 1316 903 2686 3658 1599 1075 2068 1322 829 747 1243 709 1876 1020 3092 2843 1726 1839 1236 1120 1413 1012 2543 3284 1550 933 2085 1437 910  3

652 1205 736 1517 763 3941 2585 1441 2118 1088 1235 1371 1048 3622 2846 1268 979 2240 1214 827 801 1195 489 1233 837 2867 2139 1833 3156 1350 1064 1346 845 2403 2211 1701 1512 2675 1428 886 868 1177 464 1244 951 2769 1968 1811 3337 1237 903 1297 847 2248 2374 1956 1676 2750 1321 841 884 1058 422 1074 923 3141 1987 1897 3279 1256 928 1241 794 2046 2180 1755 1799 2976 1507 922 704 918 546 1746 951 3221 2776 1790 2049 1319 1053 1199 933 2591 3140 1596 1179 2192 1453 849  3

732 1296 605 1189 888 3669 2625 1595 2346 1073 919 1477 1046 3247 2894 1380 1070 2126 1336 869 762 1114 546 1143 1007 3296 2402 1749 2655 1206 806 1363 965 2765 2753 1771 1226 2385 1395 842 800 1153 517 1223 1140 3258 2374 1783 2538 1154 781 1413 921 2683 2766 1967 1320 2294 1437 852 737 1016 340 1295 1033 3471 2468 1903 2436 1226 789 1223 786 2502 2963 2007 1258 2324 1427 880 703 918 447 1339 988 3261 2489 1897 2572 1306 716 1101 928 2462 2991 1903 1269 2199 1394 940  3

697 1116 574 1415 856 4298 2628 1428 2028 1043 1082 1319 1132 3727 2847 1283 936 2152 1296 807 755 1195 548 1331 855 2925 2203 2131 2653 1236 1100 1429 923 2623 2424 1934 1236 2436 1319 833 775 1063 545 1420 976 3067 2143 1980 2707 1217 1047 1249 887 2508 2477 2095 1474 2572 1344 781 787 1046 462 1279 1104 3155 2437 2044 2432 1136 874 1244 817 2387 2716 2127 1413 2348 1546 946 587 1047 692 1692 985 3728 2680 1606 1931 1149 1017 1351 1098 3156 2999 1418 960 2060 1314 866  3

773 1290 526 1116 863 3278 2877 1663 2467 1169 885 1434 994 2876 3111 1546 1071 2133 1322 872 681 1153 583 1452 995 3398 2755 1524 2321 1088 1019 1480 992 2866 3097 1571 1188 2324 1348 778 744 1291 608 1370 974 3451 2751 1526 2275 1107 1079 1418 881 2821 2989 1591 1156 2454 1361 791 719 993 345 1262 965 3683 2788 1644 2375 1275 744 1125 804 2792 3277 1637 1144 2257 1388 911 679 1028 342 1238 733 3528 2969 1716 2509 1325 691 897 784 2731 3444 1671 1135 2126 1182 918  3

1021 1474 430 488 259 2383 3773 2097 3414 1144 630 1133 567 2295 3847 1763 1495 2516 1144 651 1112 1700 531 793 385 1086 2403 2422 4961 1245 648 1245 543 1055 2639 2090 1928 3796 1287 677 1128 1530 546 737 379 1006 2233 2425 5015 1420 682 1211 637 928 2507 2210 1951 3856 1269 647 1033 1719 632 1014 400 1741 3021 1966 3457 1295 870 1353 749 1737 3361 1782 1379 2706 1253 905 990 1791 646 688 426 1905 3043 2006 3536 1132 819 1535 904 1791 3137 1782 1566 2774 1263 833  3

871 1290 456 766 422 2690 3639 1964 3141 1049 641 1074 601 2508 3997 1890 1447 2361 952 509 1151 1716 523 746 361 911 2121 2204 5307 1391 706 1389 609 805 2380 1999 1955 4201 1296 637 974 1729 683 888 349 869 2078 2295 5164 1219 684 1357 780 955 2399 2098 1917 3956 1089 631 1035 1786 726 942 434 1884 3360 1704 3059 1457 947 1434 880 1877 3630 1568 1230 2305 1284 943 1039 1736 706 994 447 2123 3218 1690 3069 1514 920 1394 875 2104 3510 1447 1178 2348 1346 947  3

911 1416 403 591 408 2770 3891 1968 2979 1032 677 1242 672 2573 3869 1727 1321 2375 1247 708 1165 1745 507 689 425 1276 2534 2343 4555 1305 699 1450 707 1186 2700 1974 1816 3437 1389 777 1130 1663 487 653 412 1154 2488 2489 4674 1273 708 1444 695 1081 2627 2121 1848 3493 1389 772 1098 1687 561 926 444 1239 2224 2213 4846 1208 663 1297 728 1211 2620 2099 1934 3665 1227 708 1013 1979 734 1187 455 1183 1997 2243 4016 1426 877 1683 944 1032 2624 1992 1662 3019 1160 804  3

888 1415 477 678 421 2891 3701 1951 2892 1008 568 1212 743 2610 3829 1801 1437 2236 1169 691 1087 1660 586 742 357 1243 2323 2261 4854 1303 676 1313 706 1085 2525 2069 1886 3736 1248 652 963 1813 687 932 363 1097 2268 2223 4589 1140 727 1554 903 1111 2614 2016 1842 3442 1095 761 996 1799 648 1094 550 1635 2782 1992 3362 1287 1032 1620 843 1569 3187 1782 1428 2627 1242 963 981 1798 657 1095 441 1670 2662 1989 3534 1317 989 1529 821 1605 3192 1716 1455 2684 1105 872  3

843 1746 577 699 426 2423 3694 1954 2743 1062 724 1520 856 2356 3867 1816 1349 2039 1051 767 1004 1980 705 1057 409 1310 2492 2053 3764 1334 994 1705 841 1398 2936 1844 1493 2849 1156 848 1028 1833 596 1048 463 1404 2570 2068 3785 1398 875 1502 867 1423 3095 1881 1572 2831 1162 854 1034 1611 472 618 384 1640 3192 2389 4074 1123 625 1331 731 1469 3260 1911 1747 3094 1344 761 1051 1765 497 712 401 1497 3041 2243 4086 1179 787 1498 720 1414 3099 1878 1693 3158 1289 765  3

837 1413 522 784 498 2669 3848 1944 2840 954 739 1289 790 2332 3863 1808 1458 2328 1207 703 1057 1692 457 679 403 1449 2303 2302 4791 1242 624 1359 645 1044 2502 2082 2003 3810 1299 710 1123 1777 541 895 430 1073 2230 2225 5126 1216 634 1285 586 1006 2617 2151 1955 3935 1257 629 1030 1984 704 1133 433 1104 1969 2260 4251 1326 882 1627 830 1055 2558 1981 1713 3304 1132 753 1078 1939 662 1232 489 1186 1986 2173 4051 1427 985 1615 739 1179 2646 1921 1697 3087 1171 851  3

917 1344 465 784 415 2588 3506 1945 3260 1085 617 1093 617 2264 3824 1885 1553 2501 1095 609 990 1577 485 761 481 1633 2895 2132 4198 1239 645 1362 697 1249 3150 1964 1778 3285 1236 717 1033 1643 562 765 425 1761 3158 2167 3980 1169 604 1224 752 1483 3390 1991 1709 3015 1192 760 964 1809 661 977 431 1647 2643 2036 3717 1253 742 1557 861 1537 3125 1794 1551 2882 1062 670 947 1804 651 1144 464 1693 2431 2061 3629 1267 892 1580 761 1581 3047 1797 1576 2821 1053 761  3

1026 1402 424 496 266 2563 3729 2080 3328 1175 578 1123 562 2506 3824 1753 1454 2423 1150 609 1241 1887 485 692 294 876 2244 2081 5246 1408 694 1550 638 951 2475 1848 1717 4145 1381 684 1237 1817 569 803 396 1183 2302 1956 5232 1323 655 1348 578 1005 2519 1773 1814 4219 1433 692 967 1856 677 1060 409 1756 2635 1882 3652 1373 898 1554 719 1740 3108 1629 1481 2820 1189 815 996 1799 660 1053 428 1740 2804 1871 3520 1415 934 1489 704 1763 3229 1763 1336 2718 1218 817  3

715 1363 668 1024 612 5608 3040 1313 1816 772 664 1120 941 5167 3418 1458 910 1720 957 676 985 1995 879 1538 644 1327 2370 1984 4176 1149 735 1425 889 1205 3038 1902 1662 3314 1267 793 927 1776 824 1333 649 1248 2336 1957 4794 1125 644 1309 823 995 2892 1851 1851 3749 1171 711 1014 1756 517 837 448 1428 2543 2013 4960 1221 710 1342 623 1085 2832 1936 1955 3832 1193 712 1091 1599 433 831 537 1694 2899 1934 4876 1198 675 1113 534 1277 3074 1903 1869 3858 1355 703  3

729 1263 509 805 485 4213 3656 1869 2361 846 659 1087 717 3967 3791 1735 1265 1812 1045 663 1237 1710 518 769 437 1023 2428 1580 5841 1456 716 1287 614 645 2652 1574 1664 4973 1422 706 1257 1759 458 810 454 833 2492 1644 5950 1375 675 1291 515 613 2834 1672 1870 4747 1382 690 1142 1767 726 1441 733 1116 2192 1628 5095 1343 695 1289 743 728 2894 1648 1640 4276 1390 714 1130 1704 827 1629 768 1131 2107 1587 5008 1336 588 1299 860 826 2923 1757 1521 4237 1339 626  3

767 1241 439 967 492 3929 3640 1792 2582 922 563 1022 648 3683 4024 1725 1324 1863 1012 674 1198 1648 496 866 492 979 2556 1668 5734 1327 693 1228 569 722 2899 1693 1967 4520 1329 696 1244 1786 546 807 420 859 2476 1722 5758 1416 671 1328 640 722 2795 1668 1931 4474 1344 683 1040 1983 916 1752 659 1088 2133 1565 4815 1223 667 1441 978 880 2929 1560 1612 3944 1300 798 977 1688 853 1842 666 1082 2596 1550 4621 1192 675 1190 935 922 3516 1564 1489 3881 1233 793  3

855 1389 506 800 502 3630 3489 1905 2723 977 657 1119 684 3281 3709 1835 1464 2034 1141 657 1096 1560 472 807 445 1421 2703 1804 5348 1291 654 1171 566 1054 2993 1765 1979 4137 1275 651 1035 1635 540 982 540 1494 2680 1724 5023 1273 695 1202 596 1003 3055 1702 1906 4097 1222 646 988 1712 849 1767 732 1137 2396 1750 4593 1179 628 1210 863 1117 3235 1709 1749 3536 1256 751 1019 1775 901 1693 680 1021 2416 1789 4632 1199 665 1255 886 924 3239 1733 1671 3667 1267 753  3

756 1331 513 828 517 3937 3148 1646 2650 971 714 1285 789 3714 3249 1520 1097 2141 1100 742 941 1604 504 813 397 2296 2461 1892 4121 1196 632 1331 650 2247 2753 1772 1581 3161 1149 585 741 1273 569 1252 530 2241 2539 1927 3750 1189 682 1154 663 2200 3161 1885 1486 2799 942 532 681 1826 727 1250 456 2304 2599 1802 3385 1147 579 1577 844 2184 3132 1616 1340 2642 953 605 1200 2427 720 1129 484 2094 2318 1870 3005 1521 734 1905 776 1903 2673 1677 1505 2298 1521 831  4

706 1319 555 1009 602 4155 2962 1561 2495 1006 809 1333 760 3869 3101 1414 1142 2233 1130 709 884 1391 457 972 668 2144 2321 1944 4191 1229 812 1339 702 1737 2555 1869 1638 3490 1299 735 582 1419 727 1444 638 2577 2780 1869 3015 1064 656 1384 971 2433 3407 1697 1368 2277 1011 706 707 2054 712 1207 542 2197 2694 1868 3297 1124 639 1739 931 1876 3201 1668 1347 2495 991 754 1044 2416 686 1134 642 2059 2344 1941 3142 1279 673 2055 952 1615 2716 1916 1367 2525 1453 858  4

738 1338 494 738 440 3708 3311 1693 2938 971 556 1114 597 3522 3519 1594 1251 2204 945 582 883 1493 448 799 442 2469 2468 1938 4023 1193 623 1250 627 2339 2726 1860 1586 3166 1112 588 550 1700 783 1245 654 2578 2679 2033 2886 1107 589 1658 956 2341 3076 1803 1382 2221 988 658 698 2095 694 1164 539 2692 2342 1908 3163 1074 653 1700 880 2363 2704 1720 1321 2559 1043 750 784 2177 684 1154 562 2106 2475 1831 3591 1081 660 1753 768 1893 2792 1680 1426 2898 1183 774  4

720 1313 466 942 587 3821 3288 1573 2640 1015 711 1283 731 3491 3496 1468 1124 2195 1110 700 891 1526 534 885 617 2040 2557 1997 3956 1216 700 1450 817 1890 2789 1854 1629 3076 1232 744 543 1431 831 1443 679 1946 2752 2143 3335 1111 684 1400 1016 1797 3217 1867 1497 2516 953 684 621 2160 747 1146 547 2028 2660 1965 3283 1116 566 1977 954 1676 3054 1776 1406 2434 980 719 816 2282 720 1144 534 2097 2307 2055 3413 1165 668 1893 850 1817 2676 1727 1467 2606 1133 784  4

720 1257 474 744 461 4199 3259 1634 2666 969 526 1107 710 3924 3404 1511 1086 2012 1026 661 676 1310 630 1284 521 2596 2587 2015 3321 1255 591 1197 911 2366 3247 1807 1387 2378 874 639 705 1547 780 1243 467 2233 2798 1905 3347 1325 626 1329 967 2070 3250 1637 1345 2489 1026 703 697 2143 688 1164 510 2478 2552 1811 3216 1130 603 1868 789 2179 2928 1684 1368 2497 1023 664 1004 2568 735 1186 506 1928 2329 1757 3259 1329 847 1968 843 1829 2752 1621 1522 2428 1309 888 4 

562 1428 617 973 493 5491 2688 1347 1867 865 634 1347 945 5212 2926 1125 755 1493 968 690 580 1432 820 1282 576 2245 2926 2160 3053 1034 551 1345 1099 2070 3427 1853 1470 2216 949 695 714 1885 796 1258 659 2461 2647 1938 2933 1097 635 1729 998 2093 3046 1713 1263 2451 1235 768 730 2189 735 1250 766 2352 2308 1837 3091 1072 778 1981 1001 1958 2626 1715 1404 2639 1259 845 1021 2455 711 1324 810 1941 2415 1775 2836 1315 953 2136 943 1700 2812 1657 1481 2256 1524 977  4

998 1718 783 1024 300 3094 3796 1823 2627 1034 606 1209 780 3299 4101 1511 1139 1892 1149 752 1363 2307 968 1502 435 572 1811 1749 5257 1589 804 1583 964 698 2552 1613 1778 3891 1503 851 1597 2862 974 1210 461 796 2011 1715 4429 1737 908 2058 956 848 2478 1499 1540 3314 1705 972 1547 2873 972 1128 396 862 1848 1593 4764 1758 901 2060 947 860 2225 1387 1265 3959 1677 977 1442 2017 513 766 380 741 1709 1955 6340 1654 840 1359 507 587 1861 1634 2003 4982 1658 893  4

1034 2117 885 688 244 3006 3401 1897 2936 1088 624 1588 868 3079 3437 1529 1233 2128 1247 774 1444 2113 642 1276 557 671 1731 1550 5813 1772 836 1414 636 528 2390 1546 1881 4645 1556 824 1493 2778 1008 1186 374 458 1941 1577 5205 1706 786 2064 977 621 2479 1300 1365 4134 1564 877 1532 3060 805 1122 451 589 2035 1839 4539 1768 1035 2127 761 601 2530 1635 1509 3472 1656 1079 1208 1513 478 981 668 1064 1782 1805 6268 1517 768 928 462 684 2256 1994 2310 4841 1296 718  4

842 1556 549 1015 577 4259 3471 1552 2279 1002 875 1227 730 4014 3751 1576 1132 1934 1109 775 1344 2211 866 1278 513 952 1518 1995 5101 1576 886 1598 1001 869 2147 1958 1946 3815 1455 880 1509 2756 1082 1200 375 721 1420 1822 4958 1762 936 2012 1104 935 1975 1706 1574 3769 1547 860 1864 3338 859 975 339 726 1440 1388 4931 2174 1056 2409 860 805 1874 1336 1115 4033 1930 1044 1750 3211 981 1097 364 710 1113 1535 5054 2041 1102 2284 975 841 1619 1455 1404 4016 1777 1036  4

1114 1266 388 607 493 3662 3798 1751 3021 1208 703 955 528 3370 3822 1685 1208 2443 1437 777 1605 2214 537 637 356 807 1511 1974 6250 1771 890 1500 583 694 1604 1631 2164 4709 1793 897 1330 2266 744 1033 516 999 1559 1894 5465 1509 846 1715 883 752 1948 1847 2128 4144 1456 843 1587 2682 1030 1341 435 841 1136 1696 5054 1816 983 1961 1167 886 1819 1688 1775 3777 1630 933 1568 2949 1041 1227 375 727 1118 1657 5132 1847 1017 2140 1088 840 1780 1631 1559 3904 1593 894  4

869 978 441 749 555 6059 2849 1372 2278 1020 753 789 641 5650 2900 1367 1068 2078 1202 714 1680 2274 513 689 360 770 1161 1648 6676 1881 809 1648 551 710 1322 1460 1758 5364 1849 822 1475 2195 906 1473 547 923 1060 1518 5630 1665 911 1638 960 917 1808 1643 1871 4390 1560 791 1649 2500 1052 1449 409 994 1004 1486 5170 1877 932 1891 1187 975 1706 1503 1721 4049 1707 845 1685 2987 996 1307 475 899 966 1483 4953 1967 1000 2233 1181 855 1651 1521 1324 4033 1725 991  4

1136 1865 711 833 322 3634 3187 1671 2700 1325 645 1283 799 3623 3514 1596 1212 1860 1198 755 1414 2316 957 1389 367 767 2139 1957 4498 1651 893 1663 999 935 2805 1871 1608 3394 1473 822 1511 2895 1007 1082 398 732 2012 1502 4681 1818 958 2097 1063 825 2531 1492 1393 3607 1561 923 1602 2993 963 1049 370 606 1779 1422 5056 1875 988 2170 947 801 2248 1355 1392 3954 1627 965 1603 3001 893 1117 359 487 1714 1631 5015 1863 1026 2173 875 659 2243 1437 1737 3704 1636 947  4

707 1312 559 873 639 6354 2421 1183 1524 869 613 1114 1811 4928 2789 1284 846 1326 962 1028 834 1453 521 955 532 2906 2855 1788 3474 1054 559 1141 574 2646 3150 1736 1459 2721 1057 665 862 1482 541 795 425 2889 2722 1608 3449 1119 664 1290 692 2556 3082 1604 1433 2892 996 590 789 1317 515 867 439 2925 2858 1656 3485 1114 646 1164 691 2644 3117 1637 1475 2810 1015 593 768 1289 523 864 448 2962 2844 1688 3447 1102 673 1158 692 2605 3092 1701 1476 2770 1004 567  

630 1063 549 847 744 6573 2237 1163 1723 846 687 1072 2002 4953 2412 1149 815 1669 1087 1122 819 1455 496 762 428 2721 3230 1782 3536 1105 592 1169 573 2407 3375 1757 1464 2803 1121 578 887 1407 521 872 494 2777 3072 1692 3482 1102 633 1183 615 2324 3381 1776 1542 2887 1122 573 757 1184 533 1448 513 2472 3229 1953 3357 1044 551 900 593 2363 3810 1836 1443 2497 1058 628 750 1755 824 986 482 2986 2924 1649 3062 1124 567 1474 848 2422 2979 1560 1236 2760 1254 572  

641 1236 555 976 561 6108 2576 1152 1751 753 651 1113 1548 5013 2857 1176 780 1690 973 845 894 1473 503 872 470 2578 2849 1881 3666 1172 594 1126 636 2298 3141 1790 1582 2804 1112 635 928 1315 485 929 545 2666 2908 1856 3633 1080 570 973 539 2222 3202 1873 1649 2981 1158 637 849 1087 425 879 551 2467 3114 2102 3664 1177 612 820 466 1786 3234 1810 1555 3073 1308 718 704 1221 650 1253 585 2842 2931 1886 3031 1070 668 1034 731 2428 3113 1566 1305 2541 1269 862  

740 1036 453 633 375 6346 2449 1273 2213 938 577 834 1153 5596 2562 1100 900 1777 963 676 1032 1549 536 797 528 1613 2865 2064 4216 1269 688 1206 567 1280 3016 1994 1652 3361 1235 660 889 1461 531 899 580 1629 2763 2088 4097 1179 680 1309 649 1358 3039 2157 1590 3365 1146 608 781 1725 756 1194 548 1568 2619 1960 3780 1262 693 1542 793 1336 2995 1868 1368 3146 1032 618 736 1450 692 1181 585 1650 2797 2052 3671 1102 728 1308 786 1447 3234 1917 1474 2949 989 641  

632 1085 508 833 1045 7097 1836 986 1611 794 635 1389 1973 5583 2043 1011 769 1602 1343 1384 974 1621 541 839 476 2005 3124 1992 3747 1173 610 1224 610 1781 3336 1848 1565 2890 1190 676 919 1510 571 1057 602 2137 2915 1898 3771 1199 617 1225 628 1711 3344 1894 1536 3178 1157 616 787 1253 865 1365 474 1867 3125 2232 3425 1075 600 1015 943 1769 3595 1689 1292 2751 1134 640 825 1834 830 1218 498 2037 2748 1855 3591 1151 580 1544 905 1847 2988 1386 1273 3025 1209 790  

657 1167 563 1023 1325 6709 1780 933 1495 793 594 1586 2188 5248 2160 1051 698 1404 1507 1523 975 1599 536 923 523 2373 2777 1584 3975 1220 648 1234 592 2062 3085 1690 1423 3287 1223 642 978 1368 456 956 606 2557 2837 1685 3787 1158 596 1015 500 2104 3263 1844 1459 3299 1187 634 803 942 436 1103 538 2626 3181 1808 3664 1165 534 830 554 2007 3363 1586 1280 3406 1358 596 744 1434 747 1326 556 2633 3038 1596 3128 1196 668 1247 797 1986 3148 1383 1036 3124 1431 688  

742 1290 541 737 426 6431 2203 1178 2077 916 620 929 1544 5218 2431 1111 874 1825 970 883 981 1487 504 818 475 2160 3187 1873 3745 1259 640 1194 569 1995 3404 1660 1261 3058 1248 667 918 1470 490 729 391 2062 3017 1789 3863 1320 704 1300 644 1956 3314 1631 1409 3006 1082 578 831 1262 474 761 383 2397 3238 1975 3578 1242 672 1094 617 2206 3425 1700 1466 2708 1069 599 805 1258 445 751 389 2816 3226 1825 3393 1153 674 1102 581 2608 3340 1681 1462 2589 1076 641  

527 1070 485 1036 1507 6870 1743 998 1467 696 754 1647 2260 5164 1978 1056 706 1556 1588 1663 856 1366 519 802 432 2592 3204 2016 3463 1135 603 1076 601 2457 3404 1834 1467 2544 1087 592 788 1350 593 959 574 2782 3160 1970 3354 1030 582 1085 699 2397 3410 1928 1604 2539 1066 576 634 1057 579 1245 589 2678 3465 2234 3042 941 518 784 699 2472 3920 2039 1516 2046 898 619 659 1533 747 1140 471 2774 2985 2220 3045 952 575 1241 859 2557 3270 1566 1270 2283 980 698  

640 1291 567 828 464 6046 2692 1266 1817 793 580 998 1470 4990 2835 1257 745 1623 943 779 929 1451 518 848 519 3546 2058 1559 3755 1233 692 1107 614 3256 2282 1428 1438 2997 1125 653 915 1380 510 987 550 3662 2343 1563 3525 1143 606 1112 574 3232 2708 1482 1279 3037 1143 621 829 1114 602 1343 513 3349 2795 1931 2926 1142 594 870 699 3243 3327 1487 1020 2317 1112 713 824 1404 747 1199 509 3339 2719 1727 3000 1143 584 1118 822 3134 2938 1354 1097 2511 1233 809  

670 1277 577 829 523 6551 2264 1143 1730 848 514 1034 2020 4932 2598 1161 805 1469 913 945 844 1453 544 839 470 2833 2782 1915 3475 1155 640 1160 612 2632 3014 1730 1532 2562 1070 657 817 1307 524 981 565 2660 3011 1862 3372 1138 542 1029 614 2493 3395 1916 1634 2520 1036 557 696 973 436 1251 582 2756 3120 2129 3323 1000 533 740 494 2406 3707 1926 1677 2425 984 624 672 1031 525 1102 577 2608 3027 2077 3438 1107 624 910 602 2182 3261 1690 1425 2727 1124 672  

629 1019 462 738 540 6382 2427 1259 2010 784 509 872 2265 4493 2624 1199 915 1668 936 1126 962 1489 461 820 512 2946 2521 1560 3878 1259 649 1133 514 2737 2825 1528 1483 3013 1180 636 884 1262 482 867 540 2961 2660 1841 3696 1133 620 939 517 2629 2925 1813 1772 2814 1089 593 694 1077 472 1029 531 2904 3231 2004 3130 1171 578 832 534 2490 3510 1839 1610 2353 1092 656 650 1025 481 1117 587 2928 2956 1812 3134 1369 629 904 583 2584 3239 1724 1423 2432 1037 612  

583 1112 522 815 464 6293 2225 1308 2141 785 537 915 2007 4755 2435 1195 882 1808 877 922 943 1479 503 826 535 2696 2770 1546 3762 1197 697 1247 586 2523 3063 1667 1344 3087 1145 602 924 1338 485 857 512 2499 2920 1571 3932 1255 631 1069 546 2340 3280 1668 1478 3111 1127 586 759 1357 531 901 545 2658 2784 1711 3602 1330 668 1213 613 2311 3091 1578 1587 2693 1022 529 846 1932 617 814 482 3933 2196 1784 2616 1284 781 1612 681 3586 2240 1313 1270 2060 1198 749  

637 1156 538 978 628 6952 2257 1084 1732 818 600 988 1742 5640 2602 1132 812 1536 950 889 1331 1756 603 890 463 1059 2507 1920 5064 1501 759 1289 638 733 2805 1854 2022 3972 1491 749 1228 1633 549 932 497 1194 2591 1992 4939 1452 762 1190 626 798 2812 1734 1869 4079 1506 798 1326 1722 512 824 427 882 2543 2038 5130 1556 809 1238 591 573 2717 1721 1779 4248 1631 840 1558 2141 549 858 400 441 2192 1785 5700 1753 894 1537 564 431 2537 1605 1875 4452 1645 837  

1282 1441 471 780 480 1288 2793 2092 4864 1438 699 1020 510 765 2974 1898 1816 4077 1503 712 1271 1643 482 802 477 1106 2697 1992 5090 1400 746 1150 580 665 2976 1866 1864 4219 1480 749 1354 1727 524 864 434 1016 2463 2099 5231 1469 728 1178 533 728 2781 1832 1948 4203 1476 728 1336 1598 883 1739 507 1058 2709 2098 4032 1481 746 1056 959 1077 3415 1843 1637 3147 1585 840 1249 1731 970 1678 476 1028 2700 1853 4293 1414 777 1084 981 1000 3372 1737 1514 3510 1536 887  

1338 1713 510 850 383 914 2580 2078 5201 1549 753 1244 551 659 2819 1871 1735 4219 1533 754 1423 1751 487 809 412 873 2385 1904 5494 1619 788 1238 550 656 2647 1633 1876 4372 1621 811 1290 1730 536 848 416 949 2507 1882 5369 1542 736 1208 578 735 2827 1809 1961 4256 1411 756 1382 2031 712 1215 699 1105 2276 1845 4446 1718 967 1266 717 725 2833 1808 1685 3536 1584 969 1443 1988 678 1467 726 1000 2360 2052 4154 1645 929 1213 686 709 3160 1749 1669 3333 1639 1015  

1371 1893 549 843 406 770 2600 2125 5243 1538 750 1348 588 674 2863 1884 1722 4125 1531 829 1468 1908 543 801 438 713 2439 1734 5643 1680 860 1299 578 526 2620 1469 1925 4390 1686 930 1462 1721 497 874 537 906 2327 1571 5618 1688 775 1188 584 598 2690 1577 1996 4541 1612 788 1245 1982 797 1327 674 1013 2060 1666 4970 1501 844 1342 831 662 2700 1639 1808 3841 1410 840 1078 2035 787 1327 605 1984 2545 1947 3637 1187 900 1316 836 1691 3167 1883 1446 2862 1255 981  

1378 1718 616 843 452 821 2261 2032 4905 1550 759 1276 637 785 2633 1786 1832 3745 1403 743 1405 1963 603 929 473 964 2504 1784 4942 1602 854 1405 632 635 2802 1664 1779 4040 1606 857 1592 2456 1045 1541 620 696 2278 1689 4094 1678 896 1735 1028 679 2832 1572 1548 3293 1857 1049 1428 2402 1086 1473 556 801 2260 1698 4298 1555 731 1787 1102 834 2721 1476 1485 3526 1681 894 1420 1798 536 810 467 992 2077 2232 5646 1535 771 1174 565 602 2247 1863 2092 4360 1639 903  

675 1146 552 808 711 7006 1987 1082 1713 844 528 1133 2009 5710 2266 1042 715 1392 1062 1385 834 1114 445 964 537 2136 3180 2103 3869 1208 591 900 528 1680 3527 2000 1566 3128 1166 558 704 1639 774 1062 479 2041 3333 1930 3232 1045 534 1481 930 1931 3233 1741 1255 2556 1342 637 737 2155 687 976 542 2178 2748 1939 3386 1077 557 1889 788 1752 2666 1785 1462 2768 1240 699 1139 2418 678 1134 574 2068 2561 2014 2939 1337 868 1817 690 1668 2653 1927 1352 2544 1575 1019  

590 1034 519 951 884 7028 2006 1090 1551 757 665 1212 2082 5549 2114 905 650 1527 1278 1490 693 1181 485 912 636 2865 2955 1895 3426 927 593 1056 766 2213 3219 1965 1707 2677 971 694 700 1070 488 1456 751 2546 2863 1777 3247 1237 698 943 753 2183 3617 1913 1466 2386 937 659 783 1267 760 1563 612 2450 2553 1712 3454 1315 661 968 901 2098 3279 1725 1296 2806 1075 647 953 2025 780 1239 682 2016 2430 1917 3281 1316 588 1714 806 1741 2846 1875 1487 2587 1183 656  

609 1102 562 895 593 6184 2549 1210 1828 806 640 1064 1569 5262 2711 1093 708 1608 1009 772 807 1116 442 885 547 2768 2968 1802 3702 1148 628 977 495 2371 3293 1819 1607 2875 1029 546 693 989 504 1468 716 2455 3004 1771 3355 1136 617 832 584 2394 3779 1932 1367 2598 945 525 749 1135 714 1446 615 2311 2898 1719 3431 1211 628 981 811 2211 3545 1743 1276 2764 1024 544 935 2108 717 1257 613 2255 2537 1791 3099 1215 618 1801 746 2018 3004 1915 1381 2460 1155 603  

751 1047 398 739 642 5681 2331 1331 1745 733 727 1097 773 5346 2475 1169 939 1685 1057 680 997 1359 446 640 505 2141 3578 1832 2782 1087 557 1115 704 1974 3837 1679 1401 2060 1188 811 791 1448 711 855 374 3232 3120 1504 2294 982 481 1202 895 3218 3525 1400 1267 1458 832 675 1198 1865 546 676 396 2841 2822 1921 2219 1207 635 1474 581 2864 3119 1558 1297 1400 1216 697 1253 1847 522 672 395 2716 2398 1905 2690 1325 558 1605 549 2770 2694 1479 1366 1894 1329 619  

1310 1641 531 723 408 1349 2163 2676 5043 1474 707 1175 626 1116 2312 2351 1903 3822 1511 783 1805 2071 1049 1622 523 878 1111 1553 4981 2096 1027 1437 1040 1079 1913 1626 1695 3896 1867 900 2012 2750 1154 1422 408 458 1053 1372 4991 2340 1155 1923 1136 640 1706 1417 1354 4149 2025 1005 2007 3151 1039 1159 386 554 1115 1367 4919 2360 1040 2299 1021 655 1580 1279 1262 4138 2041 990 1703 3022 1005 1103 404 900 1305 1693 4566 2057 966 2268 980 954 1698 1548 1394 3737 1772 931  

1350 1812 505 627 393 1345 2517 1890 5180 1524 767 1303 630 952 2597 1706 1845 4150 1547 791 1585 2028 545 648 452 1252 1684 1702 5613 1795 893 1449 638 984 1796 1631 1630 4745 1722 860 1413 1525 547 944 727 1624 1789 1795 5253 1561 772 1135 648 1004 2078 1972 1806 4511 1648 790 1585 1780 632 1843 713 1193 1424 1672 4603 1825 948 1301 744 1084 2516 1864 1628 3769 1722 844 1547 1643 890 1648 627 1104 1522 1676 4836 1800 880 1227 941 1052 2386 1853 1761 3886 1599 750  

1321 1949 792 981 382 807 2143 2260 5134 1504 692 1460 843 801 2455 1923 2053 3746 1460 773 1441 2120 703 925 423 844 1922 1857 5282 1600 746 1667 817 807 2216 1742 1916 4019 1568 792 1363 1711 560 757 427 1168 2042 1903 5615 1580 694 1341 673 830 2152 1742 1941 4473 1634 725 1399 1662 506 774 422 1126 2081 1970 5645 1598 745 1230 589 899 2197 1744 1953 4396 1659 783 1369 1632 487 774 411 1104 2107 1969 5749 1568 692 1247 562 783 2233 1697 1907 4602 1685 744  

1165 1744 524 681 388 1403 2528 2550 4898 1333 740 1294 719 1130 2628 2268 1924 3602 1400 909 1557 2004 662 762 452 1301 933 1534 6418 1800 871 1512 837 1114 1128 1377 1549 5445 1742 870 1623 1951 540 721 424 1424 1007 1574 6193 1782 844 1370 805 1146 1224 1444 1670 5303 1769 901 1785 1974 577 795 396 1068 994 1495 6358 1960 840 1337 787 1024 1268 1387 1672 5365 1880 866 945 1968 958 1589 577 1239 2202 2377 3877 1203 872 1404 957 1269 2951 2291 1873 2766 1068 805  

1260 1696 540 673 493 1265 2293 2493 5094 1485 707 1345 828 985 2424 2110 2146 3571 1524 962 1622 1930 567 712 400 1212 1186 1773 6214 1857 843 1412 695 1079 1386 1571 1675 5033 1704 826 1593 1869 537 792 512 1104 1300 1740 6070 1745 738 1437 769 971 1562 1701 1793 4918 1741 854 1748 1913 616 850 405 928 1327 1652 6112 1916 816 1346 720 933 1619 1523 1866 4916 1824 855 1103 2209 1064 1535 589 1374 2533 2049 3301 1458 862 1547 1160 1447 3195 2054 1326 2511 1199 913  

1362 1702 610 850 398 1454 1945 2398 4983 1547 723 1283 745 1161 2186 2093 2100 3759 1519 799 1423 1858 600 763 364 1425 1801 2183 5472 1566 734 1347 698 1189 1900 1807 2144 4108 1636 847 1408 2503 1054 1274 418 1316 1509 1554 4670 1801 821 1883 1230 1354 2078 1560 1614 3542 1436 810 1430 2849 1034 1138 430 1304 1512 1577 4464 1822 984 2055 1196 1300 1979 1524 1538 3384 1451 1023 1487 1941 999 1483 454 1236 1757 1813 4550 1817 861 1343 1082 1406 2421 1733 1693 3428 1553 837  

1579 1928 532 633 310 1068 1853 2513 5360 1780 859 1313 564 961 1971 2071 2130 3935 1711 888 1590 1904 616 774 407 1128 1232 1742 6303 1759 781 1340 666 1018 1485 1515 2205 4832 1708 786 1627 1934 595 776 370 1228 1336 1805 6088 1826 821 1347 689 1008 1487 1496 1928 4857 1811 907 1515 2042 1008 1396 548 1065 1242 1796 5069 1795 932 1449 1011 1135 1906 1763 1968 3804 1563 840 1551 1953 917 1467 585 1042 1219 1778 5149 1801 916 1402 944 1108 1962 1808 1983 3825 1571 789  

1424 1857 574 711 340 1250 1924 2297 5444 1622 772 1286 594 1119 2063 1964 2238 3922 1579 790 1544 1829 563 660 384 1227 1467 1934 6099 1738 809 1346 590 993 1547 1633 2135 4629 1723 878 1380 1604 862 1596 675 1275 1256 1764 5280 1639 812 1105 869 1265 2097 1833 2228 3916 1471 742 1558 2254 1192 1429 576 1054 1131 1574 4864 1892 971 1584 1199 1167 1737 1698 1740 3797 1653 828 1578 2544 1171 1352 520 846 1321 1593 4718 1977 888 1878 1167 991 1882 1687 1591 3720 1633 800  

1400 1877 540 680 327 1313 1853 2255 5630 1576 798 1280 637 1088 1937 1905 2244 4132 1601 856 1697 2056 560 723 363 1091 1180 1646 6397 1906 840 1478 649 989 1359 1399 1931 5001 1828 885 1568 1904 636 879 464 1276 1142 1570 5955 1758 726 1480 778 1087 1414 1541 1896 4828 1718 732 1065 1626 546 788 494 1602 2580 2481 4515 1275 741 1200 631 1253 2761 2332 2039 3370 1235 742 1186 1613 537 831 499 1452 2314 2415 4844 1378 743 1199 629 1122 2543 2221 1992 3730 1371 757  

1498 1930 535 640 323 950 1932 2315 5724 1686 829 1290 560 843 2036 1917 2297 4144 1629 882 1699 2055 579 712 328 925 1316 1767 6322 1921 879 1439 607 852 1493 1519 1944 4958 1800 849 1268 1395 682 1230 549 1473 1226 1800 6054 1473 731 1047 712 1136 1802 1759 2354 4574 1395 675 1415 2161 932 1369 570 1351 1204 1699 4962 1791 827 1572 942 1294 1847 1756 1900 3750 1540 758 1464 2429 1024 1398 614 1276 1097 1559 4832 1807 891 1792 1046 1284 1719 1696 1685 3808 1553 821  

1526 1860 513 667 337 1202 1805 2379 5576 1695 832 1268 545 953 1906 2017 2260 4069 1709 889 1699 1880 545 709 336 1225 1253 1821 6308 1908 846 1255 584 979 1413 1540 2227 4776 1866 895 1547 1871 553 821 457 1357 1316 1864 5940 1729 805 1407 635 1143 1554 1675 1935 4702 1666 837 1438 1907 921 1463 680 1394 1071 1563 5260 1724 894 1383 1027 1326 1757 1748 1851 4096 1552 804 1405 2001 1009 1490 597 1369 1079 1585 5155 1711 873 1482 1101 1340 1771 1654 1798 4012 1521 803  

1542 1906 525 666 294 943 1966 2365 5635 1710 842 1273 534 810 2081 1966 2183 4177 1685 880 1695 2090 572 675 345 856 1364 1920 6284 1881 868 1423 580 783 1536 1629 2009 4818 1777 908 1709 2049 607 732 342 936 1516 1909 5877 1882 850 1470 673 757 1667 1616 1799 4720 1839 880 1788 2055 774 986 489 937 1283 1662 5705 2000 950 1394 797 854 1603 1625 1822 4565 1899 950 1731 2069 885 1502 603 765 1259 1667 5241 1961 945 1425 887 717 2073 1729 1787 4161 1752 840  

1479 1799 505 631 305 1262 1959 2421 5492 1644 798 1189 594 1076 2070 2001 2255 3921 1630 856 1830 2073 518 708 316 873 1306 1817 6250 2056 932 1415 542 814 1498 1459 2128 4759 1865 964 2059 2273 533 717 396 722 1121 1584 6105 2137 1052 1591 627 516 1369 1500 1864 5045 2146 1042 1352 2152 815 1152 545 1122 1716 1970 4745 1630 988 1583 817 915 2176 1826 2069 3515 1504 842 1010 1979 928 1452 542 1479 2439 2337 3562 1375 756 1424 980 1366 3104 2244 1750 2553 1101 781  

1572 2067 589 678 328 706 1950 2440 5477 1747 837 1438 636 666 2133 2076 2062 3981 1691 886 2054 2186 552 754 417 599 1366 2014 5592 2190 953 1654 635 398 1576 1792 2267 4237 2155 955 2323 2339 648 865 399 510 1169 1862 5542 2446 1023 1558 736 461 1475 1686 2184 4168 2369 1004 1264 2079 1001 1375 551 1171 2613 1905 3827 1532 820 1440 978 1278 3188 1962 1352 3030 1371 792 1219 2067 1101 1391 495 1076 2852 2009 3681 1460 767 1435 1076 1230 3355 1964 1396 2883 1344 814  

1537 1775 576 694 347 1232 1445 1994 6108 1680 745 1254 683 1098 1609 1682 2351 4478 1675 809 1515 1772 576 726 370 1355 1640 2037 5851 1658 713 1305 638 1113 1707 1665 2271 4371 1738 810 1616 1987 695 948 438 1116 1645 2148 5164 1802 859 1406 743 1020 1926 1887 2237 3755 1756 901 1657 1998 780 1430 567 1033 1514 2057 4680 1927 949 1333 775 965 2285 2061 1885 3601 1675 873 1668 1944 752 1409 576 1097 1296 1887 5059 1881 921 1374 761 1009 2018 1838 2149 3798 1747 840  

942 1380 557 1052 991 4679 3145 1398 1850 976 886 1512 1137 3913 3301 1482 1077 1908 1611 1011 1250 1792 633 937 477 1612 2138 1980 5033 1334 694 1278 736 1291 2342 1805 1555 4192 1481 841 1264 1886 707 989 525 1587 1945 2015 4964 1357 702 1350 749 1310 2194 1838 1603 4139 1506 824 1155 2005 843 1056 515 1579 1871 1932 4895 1239 638 1520 920 1363 2141 1716 1661 4030 1415 795 1020 1707 745 1164 617 1947 2000 1749 5130 1059 553 1263 903 1478 2317 1697 1741 4451 1324 761  

1598 1859 618 1000 477 1274 1131 1643 6180 1798 684 1356 636 1122 1487 1493 1419 5347 1774 752 1809 1943 664 998 469 1259 1000 1414 6135 2065 743 1403 680 1053 1405 1287 1300 5439 1958 773 1814 1892 628 967 467 1434 1020 1380 5952 2104 803 1406 680 1179 1388 1214 1346 5287 1950 788 1453 1442 531 923 635 2199 1325 1398 5697 1726 763 1036 633 1223 1467 1377 1441 5515 1821 745 1114 1556 545 979 506 1848 1545 1829 5612 1334 693 1185 924 1228 1802 1494 1625 4759 1407 936  

859 1328 539 1220 852 3460 3899 1770 2272 978 1109 1366 963 2833 3895 1687 1163 2407 1514 978 1376 1884 586 886 471 1601 1613 1686 5713 1607 690 1445 952 1151 1836 1512 1370 4824 1616 968 1225 1595 610 1098 701 1872 1533 1487 5382 1511 671 1360 1041 1080 1854 1525 1393 4939 1632 1001 1288 1707 542 809 652 1735 1637 1671 5395 1547 723 1607 1030 1051 1611 1441 1341 4843 1861 1083 1335 1698 566 832 604 1757 1589 1631 5445 1598 757 1525 960 1095 1559 1397 1333 4932 1909 1006  

921 1427 609 1322 1011 3003 3328 1721 2545 1044 1104 1526 1061 2275 3460 1793 1244 2797 1556 988 1334 1758 654 1074 626 1872 1840 1582 4796 1547 728 1366 1056 1205 2271 1566 1458 4117 1608 1024 1252 1680 654 983 622 1935 1882 1654 4835 1569 740 1365 1152 1197 2068 1479 1326 4195 1646 1097 1198 1605 594 1006 848 1687 1936 1624 4923 1651 814 1489 993 1117 2072 1470 1396 4204 1797 1068 1249 1771 489 1118 885 1564 1851 1675 4908 1581 1007 1809 839 825 1906 1370 1403 4514 2047 1137  

881 1504 653 1316 827 2773 3709 1785 2624 1112 1261 1531 887 2311 3813 1585 1300 2707 1500 986 1424 1615 620 1338 708 1783 1353 1429 5349 1731 607 1231 975 1189 1959 1588 1215 4882 1710 843 1567 1913 549 805 424 1626 1511 1623 5462 1842 715 1550 969 1046 1535 1328 1176 4901 2012 1059 1604 1917 564 809 385 1633 1485 1560 5505 1880 764 1501 787 1198 1530 1281 1159 5000 2008 921 1501 1899 575 861 398 1667 1485 1595 5467 1782 752 1531 828 1235 1546 1252 1162 5022 1907 941  

797 1226 590 1424 1062 3217 3441 1524 2488 1060 1155 1325 982 2672 3833 1761 1265 2477 1329 931 1034 1568 534 1050 985 1610 2274 1852 4764 1293 851 1585 881 991 2343 1797 1814 3883 1722 958 1005 1513 543 1000 907 1748 2425 1947 4630 1229 891 1543 958 1029 2431 1767 1952 3759 1709 998 973 1459 527 991 911 1868 2447 2040 4488 1197 838 1535 922 1159 2457 1860 1984 3593 1655 992 986 1445 489 966 862 1747 2438 2236 4556 1204 822 1479 882 1066 2408 2019 2007 3612 1694 957  

789 1226 698 1244 874 5251 2994 1252 1915 1083 1192 1357 973 4560 3006 1251 1084 2344 1486 927 1559 1999 624 967 517 1541 1285 1520 5732 1855 798 1530 833 1200 1649 1445 1282 4988 1781 883 1530 1908 581 886 513 1728 1455 1597 5451 1773 777 1422 680 1256 1682 1510 1286 4955 1811 857 1162 1661 539 781 589 1783 1944 1794 5248 1402 695 1451 994 1108 1961 1561 1672 4376 1614 1027 1145 1676 513 797 693 1597 2139 1849 5170 1396 736 1576 928 968 2122 1607 1644 4276 1736 1017  

761 1246 817 1208 891 4998 3101 1277 1922 1175 1162 1399 940 4279 3104 1241 1245 2306 1489 929 1332 1623 613 995 690 1659 1617 1740 5393 1530 602 1460 964 1132 1888 1587 1460 4666 1725 945 1149 1621 605 1090 742 2062 1645 1637 5081 1533 649 1293 958 1173 2069 1790 1443 4623 1442 881 1137 1602 595 1148 799 2170 1607 1575 4996 1602 683 1230 929 1174 2108 1710 1565 4392 1380 889 1182 1593 587 1159 862 2084 1534 1658 4995 1628 720 1255 964 1032 2032 1762 1648 4365 1492 1018  

770 1389 533 1335 838 3407 3735 1685 2362 916 1153 1466 978 2651 3811 1532 1077 2695 1459 1018 1227 1766 529 875 694 1532 1882 1983 5262 1430 690 1566 912 1060 1990 1690 1598 4302 1717 982 1150 1687 545 984 721 1819 1863 1834 5113 1413 658 1527 908 1144 2097 1804 1523 4448 1579 875 1100 1612 568 1159 992 1957 1675 1641 4942 1550 711 1400 934 1091 2134 1835 1738 4117 1509 962 1046 1484 582 1162 897 2062 1819 1617 4842 1541 777 1206 944 1173 2294 1907 1646 4091 1375 999  

755 1417 529 1110 1027 3547 3970 1590 2108 844 867 1664 1026 2932 4066 1546 1145 2093 1477 925 1371 1857 554 922 447 1612 1748 1766 5511 1571 696 1399 625 1219 1999 1607 1364 4879 1630 766 1279 1673 579 1110 588 1787 1670 1612 5425 1614 647 1215 669 1307 2125 1760 1396 4824 1456 677 1284 1595 628 1425 780 1861 1573 1741 4909 1631 654 1108 829 1222 2373 1854 1481 4149 1428 789 1239 1575 533 1275 803 2017 1597 1673 4993 1612 686 1146 813 1218 2248 1823 1445 4369 1448 832  

821 1405 483 893 846 3240 4164 1849 2424 897 814 1516 965 2672 4094 1640 1225 2198 1497 965 1323 1803 565 893 480 1576 1612 1597 5762 1636 715 1417 831 1264 1901 1526 1362 4867 1535 831 1225 1744 581 932 671 1808 1601 1673 5364 1511 804 1520 997 1039 1789 1591 1433 4729 1684 1084 1145 1593 585 1074 791 1875 1568 1555 5368 1516 738 1397 994 1100 1921 1698 1566 4695 1538 977 1165 1596 519 1244 921 2041 1650 1594 4872 1602 700 1238 895 1165 2254 1911 1645 4158 1390 906  

1712 2077 679 1014 558 1649 1047 1419 5528 2031 843 1611 970 1158 1397 1389 1202 4980 1955 981 1697 2162 663 1003 570 1709 1042 1348 5376 2068 851 1713 1071 1153 1415 1358 1190 4831 1960 1014 1719 1710 528 1006 624 1972 1217 1418 5335 2002 880 1348 874 1069 1531 1391 1351 4953 2091 947 1722 1923 537 1006 564 2066 1183 1356 5039 1984 883 1594 784 1199 1476 1374 1367 4777 2036 836 1182 1619 561 1321 969 2010 1589 1586 4800 1619 717 1263 915 1076 2297 1868 1594 4166 1473 944  

819 1340 622 1204 761 3412 3872 1733 2358 1075 1124 1371 926 2877 3817 1517 1195 2485 1472 959 1325 1786 517 913 548 1833 1751 1686 5281 1601 717 1438 880 1092 2012 1593 1438 4652 1630 965 1370 1823 557 790 464 1692 1723 1768 5432 1635 764 1376 858 1152 1839 1562 1451 4662 1672 911 1126 1581 655 1479 865 1869 1680 1752 4799 1435 637 1175 1033 1207 2459 1860 1647 3887 1332 931 1213 1595 517 1351 984 1845 1637 1624 4872 1588 757 1327 859 1074 2295 1805 1653 4121 1570 985  

562 1179 559 1383 995 3982 3208 1518 2059 780 1031 1497 941 3332 3430 1534 1048 2374 1279 774 753 1215 488 927 685 2377 2791 2010 3891 1048 612 1281 981 1592 2955 1729 1668 3123 1301 930 761 1194 494 1129 911 2474 2888 1983 3489 1028 741 1474 938 1614 2864 1872 1679 3010 1609 918 755 888 442 974 1096 2460 2673 2281 3737 1052 725 1161 796 1376 2463 2049 1935 3294 1624 852 547 1003 446 1507 1042 2997 2666 2233 2946 862 909 1262 829 1943 2843 1976 1764 2944 1337 886  

476 1095 1309 1398 891 5533 2069 1003 1784 1341 1105 1453 1483 4841 2243 978 1223 2021 1169 870 917 1392 620 1054 835 1564 2411 1827 4396 1297 729 1514 1072 1122 2614 1783 1791 3449 1480 904 950 1312 472 918 760 1769 2481 1933 4444 1387 645 1337 882 1201 2748 1797 1720 3461 1430 864 958 1342 515 990 752 1840 2528 1715 4327 1363 620 1463 987 1134 2687 1725 1699 3641 1464 822 872 1006 440 709 841 2031 2336 1964 4498 1339 703 1271 935 1079 2427 1882 1893 3672 1297 878  

671 1251 512 1198 711 4391 2781 1433 2417 953 918 1396 798 3989 2971 1298 1103 2405 1182 666 768 1300 523 1107 788 2231 2534 2011 3686 1178 913 1428 798 1901 2680 1886 1433 3225 1335 734 821 1315 503 1182 860 2335 2712 1919 3411 1160 895 1521 899 1682 2781 1851 1554 3094 1527 784 778 1004 465 1149 1077 2272 2639 1977 3341 1372 774 1161 847 1481 3011 2126 1661 2800 1332 799 818 1090 484 1130 878 2195 2628 1942 3601 1366 700 976 776 1493 3134 2057 1645 2885 1175 769  

679 1094 669 1369 859 5510 2169 1018 1588 926 971 1333 1311 4690 2663 1243 1109 1971 1028 691 1044 1312 474 1102 810 2513 2366 2017 3377 1040 845 1377 836 1919 2677 1848 1582 3246 1464 824 794 948 394 927 1034 2651 2778 2020 3118 795 689 1089 722 1922 2958 1905 1724 2849 1291 799 878 1033 395 1149 1053 2255 2675 2076 3073 882 530 1055 634 1810 3308 1972 1617 2413 1261 742 827 1077 410 1216 1036 2162 2740 2104 3085 827 568 1080 660 1766 3442 1998 1559 2450 1267 776  

3491 4685 642 814 323 437 636 655 3676 3608 1847 3161 680 433 908 602 476 3615 3607 1755 1455 1673 455 806 397 1159 1617 2288 5198 1577 788 1245 571 1100 2023 2135 1796 4155 1504 701 1699 1944 436 629 332 1262 1969 2401 4511 1893 876 1321 502 1022 2040 1998 1573 3746 1843 901 1723 1968 545 937 474 1514 1249 1954 5163 1932 872 1403 752 1037 1541 1699 1461 4504 1926 978 1852 1791 531 863 576 1487 1376 2127 5239 2016 826 1126 605 947 1616 1910 1388 4767 2074 943  

949 1407 494 528 266 4212 3370 1905 3033 992 581 964 517 3971 3415 1662 1426 2291 1121 631 1716 2001 544 838 481 688 2227 1503 5910 1861 805 1313 552 352 2528 1435 1363 5203 1870 861 1560 1794 549 768 446 1005 2469 1529 5651 1778 704 1278 564 468 2694 1429 1519 5002 1794 766 1273 1587 564 978 817 1615 2381 1537 5127 1527 731 1045 655 830 2819 1811 1663 4404 1425 767 1240 1577 525 1058 821 1831 2323 1531 4936 1501 726 1052 678 1015 2885 1788 1687 4164 1376 772  

1901 2082 667 924 442 1220 1094 1724 5577 2191 803 1513 739 1019 1492 1606 1403 4805 2010 794 2014 2101 670 956 420 1156 1073 1752 5503 2273 834 1496 681 1026 1506 1609 1404 4772 2134 789 1481 1531 552 1068 602 1704 1385 1752 5590 1817 782 1006 560 991 1724 1687 1565 5037 1772 802 1258 1397 774 1628 672 1615 2610 1915 4148 1423 615 909 996 1198 3289 1659 1590 3392 1552 1050 1142 1167 858 1790 742 1528 2395 1967 4407 1303 548 826 1170 1100 3296 1763 1529 3604 1423 921  

1864 2078 619 951 426 1301 1124 1764 5538 2154 820 1472 762 1036 1512 1563 1461 4775 1962 872 1977 2122 606 957 424 1309 1070 1825 5353 2268 844 1519 718 1053 1460 1664 1356 4673 2080 860 1542 1538 512 896 584 1979 1331 1689 5420 1987 761 1051 578 997 1493 1693 1542 5246 1886 810 1497 1690 550 1517 751 1768 1242 1922 4876 1729 786 1121 563 1043 2062 1936 1550 4327 1739 812 1271 1515 937 1672 660 1445 2277 1983 4200 1434 665 1010 1040 1183 3117 1700 1469 3468 1484 803  

701 1106 594 1168 643 4494 3261 1614 2288 992 1039 1172 727 4060 3358 1429 1310 2317 1176 703 1579 1706 519 798 570 1466 2137 1586 5263 1689 681 1291 879 979 2431 1581 1426 4514 1764 964 1630 1579 482 990 536 1396 2034 1654 5397 1787 694 1134 734 937 2464 1653 1480 4609 1797 855 1185 1623 727 1044 692 1952 2117 1484 4808 1589 683 1158 832 1070 2405 1643 1386 4550 1418 747 1095 1589 721 1091 637 1869 2185 1465 4891 1561 679 1137 822 1145 2446 1572 1381 4529 1403 676  

717 1201 534 928 567 4345 3355 1739 2481 826 712 1209 808 4064 3545 1583 1211 2071 1056 626 1588 1784 506 845 481 1455 2316 1506 5183 1704 719 1278 796 929 2602 1475 1510 4416 1827 960 1627 1837 530 904 499 1378 2186 1509 5197 1775 737 1300 763 988 2549 1511 1368 4485 1751 899 1123 1507 597 1095 640 1790 2461 1398 4887 1507 688 1132 860 1030 2732 1581 1464 4427 1448 836 1116 1506 723 1033 837 1970 2081 1531 4888 1451 650 1114 932 979 2365 1728 1651 4409 1357 770  

759 1421 530 899 556 4386 3362 1637 2487 856 967 1308 793 4137 3360 1415 1080 2247 1170 781 1777 1879 502 852 391 1343 1817 1714 5224 1975 782 1318 610 1053 2162 1581 1330 4531 1919 809 1837 1929 515 920 513 1377 1586 1775 5129 1997 822 1414 768 911 1913 1761 1340 4525 2006 1000 1246 1524 576 1156 705 1682 1915 1778 4863 1644 710 1206 880 986 2226 1777 1348 4435 1625 943 1165 1570 656 1177 772 2257 1565 1590 4609 1668 780 1153 867 1163 1922 1835 1401 4569 1429 788  

900 1339 534 542 443 4419 3291 1740 2902 971 545 1016 815 3985 3319 1640 1292 2241 1177 806 1860 2129 616 918 411 714 2386 1440 5301 2070 839 1488 619 609 2714 1340 1219 4538 2031 851 1889 2178 644 934 455 885 2099 1475 5207 2109 871 1518 665 742 2407 1427 1100 4579 2115 913 1803 2139 675 955 435 997 2121 1511 5129 2023 823 1505 720 852 2447 1401 1235 4418 2003 882 1696 2157 672 922 444 1226 2044 1612 5002 1911 846 1515 787 1036 2324 1482 1265 4235 1938 926  

1903 2092 606 908 444 1270 1176 1865 5471 2160 775 1499 709 1049 1529 1696 1365 4746 2029 801 1947 2169 642 962 496 1244 901 1774 5408 2155 894 1680 784 987 1267 1673 1430 4758 2099 859 1483 1631 615 924 652 1858 1249 1950 5220 1790 823 1194 853 1000 1383 1864 1528 4824 1835 873 1342 1767 531 1058 836 2071 1438 1836 4672 1744 824 1283 770 909 1852 2115 1569 4471 1576 927 1419 1854 568 1612 797 1780 1769 1733 4047 1859 907 1232 763 940 2687 1947 1436 3677 1661 1007  

1902 2093 625 907 505 1051 1196 1826 5541 2169 851 1511 710 827 1558 1680 1336 4783 2051 887 1925 1965 491 753 487 1480 1319 1898 5200 2022 900 1352 594 1075 1455 1803 1443 4706 2163 955 1821 1720 573 1157 647 1515 1143 1916 4969 2081 801 1265 745 1079 1573 1940 1421 4528 2046 865 1114 1696 836 1090 679 1800 2349 1393 4767 1432 667 1250 911 1104 2680 1587 1421 4279 1348 660 1076 1734 831 1152 646 1647 2225 1319 4968 1491 705 1277 871 1070 2506 1532 1324 4548 1394 683  

1982 1907 564 929 439 1282 1249 1744 5360 2186 801 1371 714 1069 1662 1730 1320 4694 2052 859 1909 1995 522 853 499 1377 1524 1809 5142 2031 787 1406 681 950 1819 1763 1294 4660 2053 911 2027 2073 594 952 445 1214 1137 1845 5218 2202 853 1447 668 1041 1574 1823 1326 4619 2130 843 1145 1570 567 1141 762 1648 2345 1552 4911 1382 650 1240 825 1002 2744 1731 1430 4273 1461 814 940 1634 696 1221 795 1767 2498 1400 4675 1261 685 1378 1057 995 2861 1618 1412 4186 1311 874  

1943 1963 557 887 434 1405 1161 1910 5600 2173 864 1290 645 1036 1472 1716 1423 4863 2119 895 2053 2040 535 911 426 1334 1017 1836 5641 2324 830 1376 604 1038 1311 1616 1489 4851 2286 885 2081 2037 550 894 405 1352 1056 1872 5557 2363 847 1355 676 1011 1365 1674 1348 4845 2246 930 1990 2019 571 888 412 1388 1227 1901 5395 2268 806 1384 806 978 1533 1653 1372 4687 2171 958 1917 1901 575 881 468 1388 1299 1879 5320 2167 827 1411 889 975 1611 1753 1415 4558 2043 995  

755 1083 607 752 309 4305 3370 1826 2833 884 466 837 762 4124 3513 1634 1335 2122 952 565 1721 2067 538 900 453 571 2220 1459 5835 1817 775 1402 535 464 2635 1448 1548 4863 1855 822 1552 1912 576 893 376 835 2392 1517 5725 1631 715 1324 583 771 2764 1484 1515 4734 1652 753 1245 1892 752 1159 438 1003 2246 1531 5420 1499 787 1358 838 851 2646 1419 1475 4500 1509 806 1171 1921 672 1200 590 1256 2312 1530 5147 1461 802 1286 723 760 2770 1552 1581 4451 1421 833  

531 1147 543 1171 763 5199 2764 1307 2085 827 933 1350 801 4725 2876 1243 1079 2164 1117 712 966 1362 470 809 515 1744 2877 1736 4621 1221 642 1167 772 1320 3082 1585 1689 3647 1271 770 880 1278 416 928 658 2127 2971 1645 4425 1118 566 1168 762 1381 3183 1647 1665 3718 1286 767 768 856 324 1108 740 1683 2785 1845 4668 1330 619 947 703 1038 3315 1710 1721 3564 1268 776 778 995 437 1442 742 1701 2815 1995 4156 1332 648 964 730 1171 3457 1617 1639 3154 1331 808  

746 1482 510 715 358 4467 2670 1516 2964 928 565 1300 630 4244 2798 1374 1182 2375 988 589 960 1722 559 973 500 2171 2526 1642 4174 1282 692 1462 652 1772 2880 1571 1289 3676 1253 653 865 1449 496 1133 581 2004 2684 1839 4389 1173 625 1089 521 1613 3107 1717 1346 3764 1213 666 877 1566 835 1438 473 1804 2577 1892 3790 1354 588 1244 874 1710 3103 1584 1144 3125 1236 656 685 1452 733 1445 484 2587 2673 1809 3442 1053 542 1205 812 2529 3277 1385 1253 2794 1030 597  

713 1299 446 638 405 4968 2975 1523 2570 906 524 1107 583 4785 3074 1367 978 2077 932 545 928 1657 428 782 438 1766 2767 1987 4351 1283 621 1376 553 1661 3052 1877 1523 3408 1133 546 862 1639 498 967 574 1999 2648 1865 4267 1194 642 1390 586 1601 2991 1917 1564 3501 1134 590 741 1320 586 1204 515 1746 2684 1956 4177 1189 649 1261 701 1646 3270 1930 1517 3200 953 491 867 1829 767 1264 509 1585 2663 1933 3777 1334 586 1581 825 1480 3166 1737 1356 2928 1163 591  

688 1443 472 731 406 4843 2726 1529 2583 894 551 1224 736 4511 2935 1322 1113 2118 960 603 936 1643 569 840 444 2321 2461 1919 3974 1232 657 1302 664 2188 2747 1781 1411 3188 1163 655 837 1588 588 1113 542 2445 2270 1892 4011 1136 641 1353 690 2070 2705 1788 1375 3508 1088 632 753 1308 506 1258 586 2149 2258 1770 4315 1394 646 1105 610 1879 2900 1697 1533 3383 1013 567 769 1585 812 1308 458 2711 2379 1678 3662 1140 619 1304 868 2511 2860 1218 1200 3017 1111 641  

677 1413 485 690 402 4696 2863 1549 2659 903 529 1198 657 4495 2984 1354 1113 2089 931 622 887 1616 502 837 436 2609 2618 1850 3745 1210 599 1371 599 2476 2859 1636 1341 3079 1144 621 843 1650 505 690 310 2587 2642 1763 3571 1256 783 1592 706 2465 2908 1593 1324 2862 972 533 845 1492 505 878 392 2081 2409 1898 4069 1195 726 1380 674 2033 2834 1770 1464 3231 1007 577 883 1481 505 803 386 2588 2393 1779 3753 1193 688 1409 743 2432 2741 1724 1364 3006 1072 613  

680 1308 441 742 532 5021 2743 1528 2479 895 609 1244 737 4718 2843 1333 1022 2019 1052 668 911 1593 481 764 436 2126 2714 2006 4036 1272 668 1333 678 1950 2869 1821 1519 3139 1162 735 777 1574 503 1050 597 2457 2667 1946 3754 1105 652 1367 695 2036 3011 1899 1503 3050 1074 718 663 1298 686 1267 502 2118 2737 1971 3702 1147 620 1158 882 2061 3356 1863 1516 2665 935 606 692 1847 777 1083 463 2800 2749 1881 3005 1224 561 1586 851 2612 3057 1534 1193 2351 999 586  

663 1180 458 626 468 6280 2499 1301 2111 895 571 993 1649 5012 2594 1156 786 1767 935 926 883 1474 473 737 457 2571 2656 2007 3834 1297 659 1230 670 2299 2796 1838 1451 2972 1183 734 730 1555 521 983 622 2601 2681 1891 3650 1034 675 1453 744 2226 2948 1872 1487 2896 1078 661 742 1740 806 1305 595 2195 2633 2031 3267 1221 621 1505 944 1940 3070 1790 1342 2559 1143 714 688 1896 760 1055 579 2823 2893 1901 2857 1098 602 1702 919 2526 3074 1596 1207 2317 1102 710  

630 1418 547 1108 520 5201 2556 1438 2132 832 605 1332 881 4907 3004 1259 980 1709 953 678 852 1488 550 1147 524 1915 2578 1852 4225 1158 567 1267 625 1573 3142 1824 1560 3536 1051 533 858 1504 533 1128 526 1776 2574 1847 4396 1158 613 1234 611 1410 3136 1829 1527 3729 1054 561 816 1475 528 1071 542 2073 2517 1817 4261 1149 627 1222 652 1593 3007 1836 1592 3596 1006 570 930 1593 540 1137 553 1914 2448 1707 4250 1227 642 1298 684 1395 3012 1730 1572 3596 1107 627  

681 1410 555 963 443 5102 2539 1436 2341 864 528 1231 786 4851 2997 1344 1049 1760 851 601 755 1447 577 1057 531 2885 2549 1816 3544 1052 586 1193 738 2548 3068 1894 1325 2935 950 598 802 1491 569 1058 536 2682 2466 1715 3787 1112 578 1288 734 2305 3010 1740 1484 3083 998 606 756 1497 560 1077 553 2788 2453 1831 3686 1058 559 1230 750 2379 3017 1852 1401 3098 937 624 774 1454 529 1007 516 2706 2467 1861 3773 1143 600 1239 701 2241 2940 1842 1440 3154 978 595  

669 1447 584 1127 579 6164 2194 1231 1590 880 699 1366 1786 4926 2611 1160 720 1463 1081 1022 771 1367 549 1034 614 2677 2506 1814 3762 1018 583 1173 735 2084 2970 1922 1563 3248 1016 604 712 1161 427 1002 841 2673 2512 2002 3817 1067 546 929 520 2143 2900 2147 1575 3101 1062 565 603 998 394 1373 536 3335 2938 1938 2925 1016 570 885 494 2632 3337 1609 1386 2708 1171 615 627 1101 523 1360 589 3244 2647 2076 2983 1021 553 968 649 2638 2937 1735 1421 2695 1151 628  

644 1368 488 733 576 6112 2421 1342 1925 823 594 1190 1580 4766 2679 1282 884 1683 921 911 888 1600 543 913 400 2191 2424 1773 4331 1175 689 1283 625 1880 2675 1663 1526 3670 1195 657 797 1307 473 918 559 3025 2266 1714 3993 1117 626 1079 582 2420 2669 1847 1589 3491 989 572 834 1345 511 923 546 3011 2316 1825 3788 1111 597 1035 647 2373 2704 1854 1535 3332 1024 663 617 1037 383 1456 493 3375 2901 1841 3068 1027 578 980 552 2706 3472 1574 1227 2653 1236 684  

383 440 8551 2324 952 2187 703 397 3786 5526 2437 1065 849 1533 814 4706 4336 2475 1175 789 1979 3124 865 1351 436 677 1784 1184 4489 2174 1183 2092 869 645 2384 1160 947 4067 2173 1196 1540 2395 724 1287 480 1607 1892 1251 4259 1779 973 1822 791 1335 2408 1220 1088 3928 1788 966 1754 2533 702 1150 405 1709 1877 1195 4341 1931 1023 1816 759 1368 2295 1142 1013 4040 2019 1034 1710 2416 696 1182 420 1712 1885 1210 4458 1905 968 1740 731 1406 2318 1180 1097 4084 1978 987  

345 488 8232 2396 828 1936 934 571 3801 5334 2427 948 706 1444 1095 4581 4375 2608 1042 708 2030 2824 710 1150 444 1065 1842 1219 4580 2177 1104 1921 728 790 2316 1171 1023 4204 2278 1143 1957 2812 734 1154 486 1099 1777 1191 4612 2131 1098 1911 757 891 2292 1214 1112 4114 2168 1074 1721 2805 845 1297 599 1004 1762 1319 4425 2045 1085 1897 852 812 2339 1339 1049 3921 1949 1072 1724 2784 842 1359 580 1126 1721 1367 4308 2026 1121 1844 835 916 2327 1322 1160 3756 1977 1106  

385 426 8620 2326 999 2111 663 394 3830 5562 2427 1116 884 1449 763 4709 4344 2502 1246 843 2060 3376 912 1288 449 483 1443 1121 4715 2226 1284 2263 926 531 2070 1144 975 4127 2223 1245 1904 3213 848 1397 492 675 1569 1165 4394 2142 1197 2264 863 545 2285 1235 951 4031 2082 1152 1877 2979 795 1432 626 985 1483 1096 4379 2078 1255 2001 811 502 2271 1340 1069 4294 2059 1154 1506 2246 935 1580 600 1855 1827 1332 4054 1753 828 1503 907 1849 2665 1280 1254 3421 1696 870  

345 464 8816 2258 951 2064 653 381 3900 5675 2364 1046 868 1410 798 4822 4452 2377 1156 853 2176 3288 881 1124 445 495 1481 1123 4778 2355 1242 2239 891 517 1975 1190 1025 4188 2318 1200 1802 2523 814 1368 541 952 1712 1193 4668 2140 1106 1747 810 678 2179 1201 1062 4396 2132 1036 1724 3309 908 1336 511 878 1705 1353 4041 2071 1151 2317 881 578 2132 1233 1069 3685 2048 1171 1732 3314 986 1306 528 1394 1918 1330 3498 1907 948 2461 959 1156 2270 1276 1014 3191 2080 1047  

365 505 8479 2453 987 2115 672 395 3532 5640 2552 1115 887 1466 804 4475 4450 2553 1183 849 2151 3173 752 1073 535 744 1618 1088 4625 2328 1201 2136 765 550 2066 1244 1082 4178 2349 1211 1819 2823 838 1313 416 878 1720 1172 4584 2030 1165 2019 871 627 2197 1139 999 4316 2123 1122 1641 2757 821 1384 591 1017 1830 1209 4319 2084 1132 1878 810 644 2349 1289 1113 4021 1964 1082 1544 2308 843 1390 546 2018 1901 1532 3963 1716 771 1590 840 1881 2526 1331 1313 3300 1755 889  

313 549 8178 2535 1004 2258 631 496 3342 5449 2564 1167 1003 1569 780 4247 4394 2604 1164 840 2134 3331 890 1183 411 573 1524 1076 4653 2300 1273 2287 886 588 2014 1100 991 4156 2295 1232 2131 3077 678 1144 515 758 1746 1099 4530 2311 1208 2074 696 551 2236 1184 997 4186 2344 1202 1829 2503 766 1423 440 929 1963 1248 4478 2005 1066 1834 792 583 2541 1140 922 4350 2159 1083 1427 2365 775 1228 566 2056 1834 1277 4319 1743 804 1653 764 1764 2383 1290 1377 3709 1604 837  

293 379 8424 2531 995 2254 650 454 3326 5705 2529 1039 915 1590 780 4371 4596 2591 1126 770 1834 2735 818 1136 394 956 1804 1232 4715 2093 998 1963 853 784 2166 1151 1081 4306 2109 1028 1710 2854 776 1180 496 1109 1769 1304 4478 2085 1176 1898 776 785 2152 1190 1186 4013 2004 1136 1717 2898 847 1480 556 1169 1808 1432 3987 1984 1055 1957 840 939 2442 1263 1078 3568 2001 1159 1569 3010 1003 1514 551 1181 1860 1408 3844 1801 982 2116 996 1000 2441 1249 1162 3396 1855 1100  

449 589 8258 2116 760 1876 909 620 4473 4792 2015 872 780 1361 1071 5120 3917 2353 1026 674 1174 1734 559 1255 563 3178 1687 1319 3890 1395 574 1414 629 2946 2334 1322 1198 3491 1382 588 1039 1442 490 1307 733 3223 1682 1383 3779 1461 633 1189 559 2945 2419 1526 1196 3190 1230 532 925 1356 503 1545 603 3188 1970 1616 3598 1261 595 1082 591 2708 2662 1354 1218 3271 1334 658 983 1443 786 1789 802 3236 1865 1297 3341 1170 602 1034 825 2769 2692 1470 1116 3263 1295 662  

480 586 8316 2019 767 1878 891 596 4428 4920 1907 844 772 1425 1134 5120 3969 2267 949 644 1227 1748 556 1206 524 3044 1633 1223 4009 1467 646 1446 653 2769 2265 1320 1242 3588 1399 615 1269 1667 525 1306 581 3106 1689 1162 3986 1444 621 1331 594 2736 2332 1283 1273 3683 1483 606 1053 1436 422 1442 578 3008 1701 1686 3757 1503 666 1197 483 2489 2500 1328 1174 3335 1437 668 997 1326 389 1367 503 3103 1813 1760 3789 1440 627 1126 472 2470 2469 1298 1216 3358 1482 672  

442 549 8027 2210 758 1736 1003 694 4428 4724 2014 804 760 1323 1263 4920 3978 2512 962 609 1213 1657 585 1310 664 3083 1587 1109 3987 1507 660 1362 692 2821 2353 1392 1228 3547 1346 587 1207 1644 562 1335 664 3113 1617 1215 3885 1391 587 1356 595 2932 2359 1463 1216 3458 1361 555 1054 1539 468 1523 482 3175 1698 1496 3673 1484 655 1320 566 2792 2672 1269 1161 3050 1306 633 1133 1385 377 1309 374 2867 1891 1852 3828 1565 696 1172 498 2455 2384 1109 1038 3290 1668 794  

391 511 10438 1159 740 1525 673 392 7988 3294 1102 776 717 1035 921 8663 2355 1285 880 618 1640 1579 517 688 464 3634 1872 1264 4343 1701 633 1209 1020 3061 2098 1382 1067 3794 1839 791 688 1083 4002 2310 1094 3930 798 652 1510 4386 2345 1550 1492 2798 935 730 4122 3092 1552 1114 1703 1655 539 956 537 3396 1533 1253 3780 1889 776 1211 608 3051 1858 1333 1139 3390 1942 780 1272 1703 568 1129 515 3407 1708 1293 3757 1501 648 1360 591 3126 2151 1310 1142 3341 1509 636  

557 688 7056 2354 897 1971 919 764 4260 4227 2253 1033 955 1338 1134 4463 3392 2822 1231 881 1356 1870 582 1329 549 3374 1693 1134 3456 1502 747 1437 612 3013 2407 1212 1036 3232 1575 706 1250 1722 507 1143 556 3642 1797 1118 3407 1464 699 1359 549 3221 2279 1291 1121 3249 1555 656 1072 1410 370 899 635 3973 1824 1353 3397 1562 650 1214 477 3372 2119 1325 1075 2983 1463 583 980 1278 456 1200 636 3460 1907 1851 3337 1456 675 1018 486 2796 2201 1352 1102 3059 1504 824  

578 708 7131 2394 869 1892 972 708 4199 4323 2304 1049 896 1367 1126 4426 3487 2875 1236 801 1220 1863 580 1325 563 3300 1715 1160 3452 1508 724 1494 610 2974 2411 1270 1052 3216 1439 661 1251 1834 552 1237 543 3289 1889 1203 3462 1514 708 1425 581 2840 2411 1255 1070 3302 1519 689 1246 1913 436 904 537 2982 1638 1352 3537 1819 953 1563 523 2661 2059 1223 1040 3016 1433 792 1011 1373 431 1123 408 3370 1971 1788 3437 1499 716 1176 523 3030 2247 1135 963 2969 1530 806  

353 603 6627 2779 1103 2412 1048 646 2756 4827 2804 1341 988 1784 1170 3189 4154 3008 1317 799 1903 2570 697 1254 481 1575 1692 1023 4526 2057 919 1869 719 1320 2379 1119 1082 4106 2062 932 1818 2673 670 1207 444 1654 1695 983 4473 1953 954 1935 689 1345 2297 1069 1129 4176 1991 922 1540 2404 656 1408 541 1953 1923 1114 4127 1724 829 1867 690 1220 2485 1103 1044 4211 1947 864 1497 2346 596 1304 625 2224 1979 1041 4080 1735 791 1816 610 1264 2455 1168 1144 4276 1930 831  

604 863 6467 2449 986 1981 977 637 3450 4689 2589 1370 880 1452 1184 3427 3794 3158 1386 827 1304 2045 669 1404 581 2453 1785 1338 4060 1508 710 1528 670 1890 2457 1312 1172 3848 1550 800 1487 2291 551 1049 525 2604 1780 1206 3949 1758 802 1736 563 1937 2227 1239 1217 3786 1723 811 1529 2192 550 1086 543 2658 1743 1168 4122 1693 790 1632 580 2107 2269 1325 1315 3872 1695 780 1216 1957 714 1326 775 2978 1665 1058 3964 1532 720 1479 727 2069 2292 1391 1217 3993 1444 706  

472 625 5881 3041 1196 2424 953 621 2847 4467 3065 1360 1184 1660 1146 2956 3690 3565 1479 947 1778 2593 680 1416 526 1800 1716 1022 4254 1970 959 1853 682 1440 2494 1173 1128 3931 1940 924 1518 2283 553 1124 544 2356 1810 1244 4009 1732 842 1765 621 1539 2261 1212 1129 4063 1821 885 1755 2475 556 1165 493 2040 1773 1041 4152 1967 978 1743 625 1510 2356 1153 1168 3968 1953 977 1344 2237 639 1185 702 2652 1900 1175 3905 1537 722 1776 656 1309 2254 1358 1161 4363 1738 798  

515 464 5424 2381 1417 2438 1078 866 2589 4718 2335 1467 1264 1462 1170 2630 3895 3041 1674 1097 1682 2226 682 1172 562 1956 1937 1408 3582 1772 870 1566 697 1759 2510 1478 1349 3026 1821 906 1491 2120 735 1264 516 2072 1871 1294 4158 1573 662 1594 763 1856 2515 1401 1237 3692 1620 715 1484 1826 674 1082 480 2218 1604 1322 3934 1894 957 1406 790 1962 2055 1223 1277 3585 1689 887 1512 1996 633 1279 605 2466 1530 1184 3954 1590 720 1619 766 2240 2377 1479 1248 3550 1575 695  

540 652 5648 2803 1095 2365 887 637 2977 4778 2738 1216 941 1485 1071 2607 3955 3918 1423 835 1615 2188 656 1348 662 2047 1739 1180 3876 1779 796 1682 657 1552 2566 1519 1143 3683 1750 758 1704 2270 636 1434 588 1955 1704 1135 3829 1781 834 1700 717 1581 2602 1370 1050 3637 1825 822 1220 1893 787 1516 472 2634 1607 1233 3306 1534 787 1716 976 2486 2507 1284 1122 3027 1342 687 1237 1725 728 1533 512 2679 1584 1276 3424 1474 733 1520 961 2670 2615 1452 1146 2952 1312 644  

528 581 5423 2874 1154 2360 982 718 2664 4717 2825 1236 1038 1570 1116 2405 3963 3825 1465 834 1660 2337 689 1406 657 1699 1669 1177 4073 1803 793 1724 718 1207 2492 1452 1256 3868 1843 789 1732 2343 680 1386 614 1534 1792 1166 3980 1818 794 1803 759 1254 2619 1414 1099 3726 1896 788 1355 2006 693 1438 666 2398 1456 1174 3428 1651 939 1789 897 2199 2411 1430 1241 3018 1446 750 1367 1979 662 1393 694 2443 1470 1183 3379 1591 881 1815 965 2332 2433 1489 1236 2903 1468 760  

553 626 4904 2959 1250 2635 973 771 2594 4339 2880 1353 1152 1741 1121 2182 3675 3936 1598 956 1526 2186 599 1342 668 2251 1735 1175 3893 1637 780 1708 657 1648 2559 1460 1177 3786 1684 721 1362 2228 723 1394 674 1917 1722 1192 3913 1567 795 1893 827 1598 2497 1512 1261 3570 1546 669 1321 2052 768 1413 507 1980 1925 1232 3848 1525 823 1686 911 1550 2538 1325 1238 3654 1697 790 1345 2114 745 1411 560 1816 1921 1218 3887 1531 861 1702 926 1470 2476 1361 1191 3653 1785 820  

605 632 5510 2955 1209 2450 868 589 2616 4871 2920 1250 1017 1512 1041 2338 4032 3991 1571 922 1611 2150 578 1105 635 1896 1759 1252 4342 1759 782 1626 656 1413 2344 1508 1262 4005 1791 811 1665 2168 580 1221 558 1808 1584 1169 4340 1818 892 1587 675 1427 2262 1415 1240 4114 1825 864 1357 1846 624 1305 561 2545 1657 1302 3604 1822 886 1507 810 2330 2391 1437 1246 3052 1511 790 1206 1701 563 1303 608 2840 1856 1215 3487 1645 867 1519 815 2531 2640 1454 1233 2961 1328 724  

430 521 6154 3044 1218 2574 948 572 2199 5148 3156 1364 1038 1794 1051 2353 4452 3502 1526 935 2122 3233 800 1372 506 738 1394 1053 4631 2264 1008 2365 793 508 2098 1033 1082 4254 2286 1056 2227 3286 678 1273 479 801 1404 974 4481 2423 1070 2437 727 434 2129 1077 1086 4170 2423 1052 2266 3240 717 1364 570 830 1308 846 4525 2451 1137 2302 746 444 2126 1122 1153 4233 2402 1126 1896 2980 797 1601 817 1142 1316 865 4387 2063 948 2223 804 550 2197 1239 1109 4381 2093 925  

408 743 8365 2185 1006 1873 694 412 3963 5291 2184 1377 865 1327 832 4853 3951 2457 1261 774 1663 3108 799 1237 435 703 489 1843 4911 2012 1178 2409 891 438 1079 1544 1597 4158 1922 1063 1659 3123 815 1200 490 661 648 1945 4735 2017 1192 2370 898 437 1193 1759 1422 4063 1892 1082 1761 3256 837 1110 414 705 1775 1640 3924 2204 1351 2213 854 428 2158 1369 1106 3432 2024 1288 2028 3132 717 1007 411 883 2224 1375 4051 2284 1024 2266 731 393 2454 1062 900 3877 2373 1091  

